tree
version=v4
num_class=1
num_tree_per_iteration=1
label_index=0
max_feature_idx=56
objective=regression
feature_names=signal_price ema_short ema_long atr adx center distance_ok slope_ok trend_filter_ok htf_trend_ok volatility_ok chop_ok spread_ok bars_since_last trend_direction ema_cross_event ema_spread atr_percent reclaim_state is_reclaim_signal price_vs_center cloud_width rsi hour price spread ai_score tick_count wick_lower wick_ratio wick_upper candle_size day_of_week real_volume tick_volume best_ask_vol best_bid_vol dom_pressure is_stalemate liquidity_ok volume_shock dom_imbalance spread_to_atr tick_velocity cloud_dist_atr volume_density volatility_skew absorption_ratio volatility_shock aggressor_buy_vol avg_dom_imbalance aggressor_sell_vol tick_imbalance_proxy order_imbalance_proxy close pip_scale is_simulated
feature_infos=[47521.949999999997:48888.25] [47562.397688514036:48882.275316218627] [47572.121746741708:48876.125151182227] [2.4765260105227802:54.648942267980622] [9.0310286989889423:66.451912457067891] [47569.664249788977:48879.155450417908] none none none none none none none none none none [0.0015426542950428999:74.374996023614841] [0.0051994814440881002:0.1138699924737679] none none [-98.189137245542085:131.04198985991579] [0.0015426542950428999:74.374996023614841] [3.2119914342080023:99.999999961111115] [1:23] [47521.949999999997:48889.75] none [-0.34531432390213013:100.54475181739396] none [0:48] [0:50] [0:44] [0:155] [1:4] none [1:244] [20:1330] none [-0.79020979020979021:0.81818181818181823] [0:1] [1:1] [0.082026060596624206:3.5311464994863586] [-0.79020979020979021:0.81818181818181823] none [0:0] [0.00014792444419230001:6.2736223316197997] [0.6666031873148589:1000] none [0.66666666603174596:100000000] [0:6.491969887504653] none [-0.79020979020979021:0.81818181818181823] none [-203.60188677323839:178.98550722043692] [-197.96224547525983:228.33634201844919] [47521.949999999997:48889.75] none [0:1]
tree_sizes=2603 2807 2788

Tree=0
num_leaves=31
num_cat=0
split_feature=17 23 0 2 23 16 23 5 22 3 3 23 5 2 3 34 4 20 4 5 34 4 0 3 23 2 24 0 0 24
split_gain=81.8085 100.597 140.415 295.867 146.719 108.346 72.8639 161.554 69.8913 48.5755 38.0881 85.6479 37.4055 37.3534 82.104 36.5591 32.4148 37.7138 31.8387 31.8355 30.3921 29.0862 26.9941 26.9105 24.2818 29.703 39.9537 23.3105 63.6396 20.5744
threshold=0.017554280900861204 16.500000000000004 47956.17500000001 48055.351300324983 15.500000000000002 7.4471141474297067 14.500000000000002 47756.849166361782 49.999999983171527 26.565234444924311 29.176917573045618 15.500000000000002 47898.840330188315 48159.948425951581 4.8314581186460392 139.50000000000003 13.61020178612605 2.4449970635587066 16.361090656777183 48849.035885385223 30.500000000000004 25.695152462580271 47933.17500000001 7.4551534635845913 22.500000000000004 48597.942824994003 48695.100000000006 48173.950000000004 48136.000000000007 48783.100000000006
decision_type=2 2 2 2 2 2 2 2 2 2 2 2 2 2 2 2 2 2 2 2 2 2 2 2 2 2 2 2 2 2
left_child=6 2 4 -4 18 -6 12 8 23 -7 11 19 16 14 -14 24 -1 -18 -2 -5 -16 -17 -23 -8 25 -3 -27 28 -9 -28
right_child=1 15 3 10 5 9 7 27 -10 -11 -12 -13 13 -15 20 21 17 -19 -20 -21 -22 22 -24 -25 -26 26 29 -29 -30 -31
leaf_value=1.2263113723925334 1.2575532430034624 1.2126135212239617 1.4213623327415479 1.2181043252076653 1.3885798247695462 1.1975513575507903 1.3038000997138481 1.1929350042657592 1.3657601991273955 1.2973043437975165 1.1911297195848571 1.3254759159382927 1.3208654498914669 1.2044509192547375 1.2312110914738297 1.2664238166953352 1.1887648124523171 1.2157104604178219 1.1968790914957905 1.2907966331836329 1.1968575735787985 1.2665864795890198 1.195139590183905 1.2237547021430479 1.188709037484089 1.2989223954460551 1.2176798963441708 1.1687420683052885 1.2709745604570721 1.2620879795391386
leaf_weight=122 25 394 33 61 20 23 21 72 28 26 20 40 23 249 287 74 381 197 160 20 83 20 39 21 69 23 112 26 41 34
leaf_count=122 25 394 33 61 20 23 21 72 28 26 20 40 23 249 287 74 381 197 160 20 83 20 39 21 69 23 112 26 41 34
internal_value=1.22273 1.23258 1.25199 1.28659 1.22829 1.29051 1.21516 1.24262 1.30457 1.25048 1.25505 1.26561 1.21089 1.2196 1.2292 1.22172 1.20289 1.19795 1.20508 1.23605 1.2235 1.24555 1.21936 1.26378 1.2167 1.22014 1.23767 1.21143 1.22125 1.22802
internal_weight=2744 1193 428 174 254 69 1551 209 70 49 141 121 1342 642 393 765 700 578 185 81 370 133 59 42 632 563 169 139 113 146
internal_count=2744 1193 428 174 254 69 1551 209 70 49 141 121 1342 642 393 765 700 578 185 81 370 133 59 42 632 563 169 139 113 146
is_linear=0
shrinkage=1


Tree=1
num_leaves=31
num_cat=0
split_feature=56 26 35 2 47 3 16 20 23 0 24 4 26 24 44 20 3 26 26 5 24 20 20 23 37 44 5 0 3 23
split_gain=197.737 123.522 104.153 108.206 274.152 108.274 93.225 130.074 45.7108 73.8297 227.052 44.087 39.4169 57.4012 57.5887 35.2588 23.6393 42.8821 41.8073 25.0243 40.0456 22.0764 21.2901 30.7603 29.2057 20.5765 20.5473 20.0106 36.4725 18.2789
threshold=1.0000000180025095e-35 0.34535975754261022 1273.5000000000002 47760.375576514831 3.4999999868750007 9.2172528214047436 13.568143146535194 16.211333220765038 22.500000000000004 47962.250000000007 48038.950000000004 18.915538909974906 0.19209492951631543 48117.950000000004 1.5156231766567239 -12.563400640610732 26.27937810971947 0.278363898396492 0.34204776585102087 47591.654291379768 47610.250000000007 -6.1671446489995345 -17.666159042814364 11.500000000000002 1.0000000180025095e-35 0.72611063368628925 48147.515209511774 47627.05000000001 3.1783992215931574 2.5000000000000004
decision_type=2 2 2 2 10 2 2 2 2 2 2 2 2 2 2 2 2 2 2 2 2 2 2 2 2 2 2 2 2 2
left_child=-1 8 3 4 -3 11 7 -7 9 16 -11 -5 13 14 -12 -14 17 19 -18 -2 -21 -15 -22 27 -25 -6 -13 -24 -29 -23
right_child=1 2 -4 5 25 6 -8 -9 -10 10 12 26 15 21 -16 -17 18 -19 -20 20 22 29 23 24 -26 -27 -28 28 -30 -31
leaf_value=-0.059706415597236523 -0.025601991153308662 0.25295613601803785 -0.0025432984122117294 0.039457017176651531 -0.0074113503808066958 0.057775193974375728 0.013053859896414603 0.21102514326572419 -0.037621118129334524 0.16894974071871152 0.085937691389306181 -0.00190912276116568 0.087645717286928146 -0.023021378044486899 -0.0011410727810401184 0.019043544121086598 0.06168944982190927 -0.031237431354795193 -0.03163714110851288 0.03946298260839199 -0.032197698296102528 0.014768278693831335 -0.023341923029649825 0.00085413633059943099 0.054906698770639376 0.063452262878417973 -0.049389026458224947 0.048611784252253452 -0.0063889580327835503 -0.0071918015852053142
leaf_weight=132 138 20 232 56 21 45 48 20 90 22 37 86 22 131 39 126 30 208 20 53 68 146 147 64 41 20 31 33 348 270
leaf_count=132 138 20 232 56 21 45 48 20 90 22 37 86 22 131 39 126 30 208 20 53 68 146 147 64 41 20 31 33 348 270
internal_value=5.1275e-10 0.00301732 0.0233917 0.0407316 0.101189 0.0278368 0.0659024 0.104929 -0.00278532 -0.00117172 0.0105654 0.00297311 0.006046 0.000535754 0.0412525 0.0292412 -0.00926523 -0.0107936 0.0243588 -0.00602643 -0.00244363 -0.00512142 -0.00561203 -0.00275607 0.0219604 0.0271563 -0.0144893 -0.00767127 -0.00162511 0.000515342
internal_weight=2744 2612 579 347 61 286 113 65 2033 1943 793 173 771 623 76 148 1150 1100 50 892 754 547 701 633 105 41 117 528 381 416
internal_count=2744 2612 579 347 61 286 113 65 2033 1943 793 173 771 623 76 148 1150 1100 50 892 754 547 701 633 105 41 117 528 381 416
is_linear=0
shrinkage=0.05


Tree=2
num_leaves=31
num_cat=0
split_feature=56 26 35 2 47 3 35 22 40 4 23 0 2 26 26 3 20 2 3 26 26 5 23 1 2 5 2 26 5 5
split_gain=178.457 111.666 96.0257 114.695 205.106 95.5897 77.8899 55.7724 51.0868 41.598 41.4002 65.2817 197.197 40.9215 40.7925 57.0567 27.6283 22.8188 21.1146 37.7311 34.7901 22.5844 35.4731 60.7862 38.5209 23.9159 21.6334 18.7366 39.3791 18.2598
threshold=1.0000000180025095e-35 0.34630389511585241 1273.5000000000002 47760.375576514831 3.5899784448495251 9.2172528214047436 916.50000000000011 63.783146122503915 0.9707645814836886 19.139268935675474 22.500000000000004 47962.250000000007 48055.351300324983 0.20861411839723584 -0.059655195102095597 4.8314581186460392 -12.563400640610732 48131.380841610604 26.27937810971947 0.34204776585102087 0.278363898396492 47591.654291379768 11.500000000000002 47631.969074035012 47812.566307991154 47600.222475030321 47828.012023927084 0.14606317132711408 48852.989761199009 48147.515209511774
decision_type=2 2 2 2 10 2 2 2 2 2 2 2 2 2 2 2 2 2 2 2 2 2 2 2 2 2 2 2 2 2
left_child=-1 10 3 4 -3 9 8 -8 -7 -5 11 18 -13 14 15 -14 -15 -16 20 -20 21 -2 -23 25 -25 -24 -26 -19 -29 -11
right_child=1 2 -4 5 -6 6 7 -9 -10 29 -12 12 13 16 17 -17 -18 27 19 -21 -22 22 23 24 26 -27 -28 28 -30 -31
leaf_value=-0.056721094205523986 -0.024321891264011408 0.23315405268222095 -0.0023532998605376287 0.038114621344823067 0.034416051531160202 -0.0092010959492702226 0.053940198978497868 0.165516131122907 0.082829616600472944 -0.0020196189538442661 -0.035740062166005372 0.13794421597287573 0.09185897228510484 0.082589424259605859 -0.048656839614405353 0.0085004959615978728 0.020304317308791803 -0.011879967788007817 0.05860497827331225 -0.030055284723639487 -0.028131400142189896 -0.0085053637190314405 0.012543344736099244 -0.034232519213425912 0.05705081132742075 0.072852617191771663 -0.0068493571270395216 -0.0064179264008998871 0.069013254173720881 -0.046919573855496222
leaf_weight=132 138 20 231 57 37 38 21 24 25 84 90 29 23 21 34 191 117 296 30 20 215 569 25 59 26 48 27 62 24 31
leaf_count=132 138 20 231 57 37 38 21 24 25 84 90 29 23 21 34 191 117 296 30 20 215 569 25 59 26 48 27 62 24 31
internal_value=6.07778e-11 0.00286646 0.0224779 0.0394988 0.104149 0.0263379 0.0632058 0.113447 0.027319 0.00318825 -0.00258331 -0.00105613 0.00995523 0.00512231 -0.000279437 0.0174596 0.0297825 -0.0094048 -0.00864131 0.0231409 -0.0100768 -0.00572511 -0.00232145 0.0166983 -0.00644045 0.0521988 0.0244979 -0.00591116 0.0146326 -0.0141231
internal_weight=2744 2612 568 337 57 280 108 45 63 172 2044 1954 797 768 630 214 138 416 1157 50 1107 892 754 185 112 73 53 382 86 115
internal_count=2744 2612 568 337 57 280 108 45 63 172 2044 1954 797 768 630 214 138 416 1157 50 1107 892 754 185 112 73 53 382 86 115
is_linear=0
shrinkage=0.05


end of trees

feature_importances:
atr=10
hour=10
ai_score=10
ema_long=9
center=9
signal_price=7
price_vs_center=6
adx=5
price=5
best_ask_vol=3
ema_spread=2
rsi=2
tick_volume=2
cloud_dist_atr=2
absorption_ratio=2
is_simulated=2
ema_short=1
atr_percent=1
dom_pressure=1
volume_shock=1

parameters:
[boosting: gbdt]
[objective: regression]
[metric: rmse]
[tree_learner: serial]
[device_type: cpu]
[data_sample_strategy: bagging]
[data: ]
[valid: ]
[num_iterations: 1000]
[learning_rate: 0.05]
[num_leaves: 31]
[num_threads: 0]
[seed: 0]
[deterministic: 0]
[force_col_wise: 0]
[force_row_wise: 0]
[histogram_pool_size: -1]
[max_depth: -1]
[min_data_in_leaf: 20]
[min_sum_hessian_in_leaf: 0.001]
[bagging_fraction: 1]
[pos_bagging_fraction: 1]
[neg_bagging_fraction: 1]
[bagging_freq: 0]
[bagging_seed: 3]
[bagging_by_query: 0]
[feature_fraction: 0.9]
[feature_fraction_bynode: 1]
[feature_fraction_seed: 2]
[extra_trees: 0]
[extra_seed: 6]
[early_stopping_round: 0]
[early_stopping_min_delta: 0]
[first_metric_only: 0]
[max_delta_step: 0]
[lambda_l1: 0]
[lambda_l2: 0]
[linear_lambda: 0]
[min_gain_to_split: 0]
[drop_rate: 0.1]
[max_drop: 50]
[skip_drop: 0.5]
[xgboost_dart_mode: 0]
[uniform_drop: 0]
[drop_seed: 4]
[top_rate: 0.2]
[other_rate: 0.1]
[min_data_per_group: 100]
[max_cat_threshold: 32]
[cat_l2: 10]
[cat_smooth: 10]
[max_cat_to_onehot: 4]
[top_k: 20]
[monotone_constraints: ]
[monotone_constraints_method: basic]
[monotone_penalty: 0]
[feature_contri: ]
[forcedsplits_filename: ]
[refit_decay_rate: 0.9]
[cegb_tradeoff: 1]
[cegb_penalty_split: 0]
[cegb_penalty_feature_lazy: ]
[cegb_penalty_feature_coupled: ]
[path_smooth: 0]
[interaction_constraints: ]
[verbosity: -1]
[saved_feature_importance_type: 0]
[use_quantized_grad: 0]
[num_grad_quant_bins: 4]
[quant_train_renew_leaf: 0]
[stochastic_rounding: 1]
[linear_tree: 0]
[max_bin: 255]
[max_bin_by_feature: ]
[min_data_in_bin: 3]
[bin_construct_sample_cnt: 200000]
[data_random_seed: 1]
[is_enable_sparse: 1]
[enable_bundle: 1]
[use_missing: 1]
[zero_as_missing: 0]
[feature_pre_filter: 1]
[pre_partition: 0]
[two_round: 0]
[header: 0]
[label_column: ]
[weight_column: ]
[group_column: ]
[ignore_column: ]
[categorical_feature: ]
[forcedbins_filename: ]
[precise_float_parser: 0]
[parser_config_file: ]
[objective_seed: 5]
[num_class: 1]
[is_unbalance: 0]
[scale_pos_weight: 1]
[sigmoid: 1]
[boost_from_average: 1]
[reg_sqrt: 0]
[alpha: 0.9]
[fair_c: 1]
[poisson_max_delta_step: 0.7]
[tweedie_variance_power: 1.5]
[lambdarank_truncation_level: 30]
[lambdarank_norm: 1]
[label_gain: ]
[lambdarank_position_bias_regularization: 0]
[eval_at: ]
[multi_error_top_k: 1]
[auc_mu_weights: ]
[num_machines: 1]
[local_listen_port: 12400]
[time_out: 120]
[machine_list_filename: ]
[machines: ]
[gpu_platform_id: -1]
[gpu_device_id: -1]
[gpu_use_dp: 0]
[num_gpu: 1]

end of parameters

pandas_categorical:[]
