tree
version=v4
num_class=1
num_tree_per_iteration=1
label_index=0
max_feature_idx=19
objective=binary sigmoid:1
feature_names=ema_9 ema_21 slope_ema_9 slope_ema_21 adx rsi macd macd_signal macd_hist stoch_k stoch_d atr atr_24h volatility_ratio hour minute day_of_week is_asian is_london is_ny
feature_infos=[128.74387710764185:183.65850559107068] [136.98745822055255:183.65850559107068] [-13.969324351481987:12.931557400321509] [-6.7024722649621538:5.1845390065175536] [0:27.373381080704835] [0:64.408756477760349] [-12.939204921057495:9.2259100155744989] [-7.4797978635520224:5.2217447199338194] [-7.2723263368772635:5.9413911239675414] [0:99.977605924765882] [0:96.118283203759233] [0:68.524989944851669] [0:52.660681117122863] [0:1.2846199960803388] [0:23] [2:57] [0:3] [0:1] [0:1] [0:1]
tree_sizes=2809 3040 3279 3384 3269 3268 3168 3272 3172 3375 3367 3376 3372 3381 3366 3377 3381 3381 3388 3386 3388 3382 3272

Tree=0
num_leaves=26
num_cat=0
split_feature=3 3 9 0 7 9 3 15 5 5 3 14 8 4 2 7 13 7 6 6 0 5 2 0 19
split_gain=258.541 25.2749 20.4324 15.0556 8.39559 7.11918 6.33902 5.27935 5.59519 5.06317 5.49164 4.57631 3.55467 3.39646 3.37237 2.43911 1.61141 1.61943 1.93033 0.819428 0.580459 1.21348 0.136594 0.134831 1.42109e-14
threshold=-1.2433379192204226 -2.3487404463865285 50.769654082883356 147.85925539722322 0.38486429557293528 7.1950658057011525 2.4683161488560619 44.500000000000007 47.624564519366054 46.061337088636392 -0.58972934256543386 9.5000000000000018 -0.7176297273299318 7.119535243909529 -6.6886475596475057 2.1349632295573362 0.97014999108943034 -0.67875915122442831 -2.0003673055138615 2.0695795584250338 152.7902084246858 52.95545382797912 3.8260461950108895 141.9400299218569 1.0000000180025095e-35
decision_type=2 2 2 2 2 2 2 2 2 2 2 2 2 2 2 2 2 2 2 2 2 2 2 2 2
left_child=1 5 4 -3 9 13 12 8 14 -2 -11 -5 -4 -1 -7 16 17 18 -14 -19 21 -8 -18 -15 -22
right_child=2 3 6 11 -6 7 20 -9 -10 10 -12 -13 15 23 -16 -17 22 19 -20 -21 24 -23 -24 -25 -26
leaf_value=-0.59593624218790542 -0.72167153222302316 -0.60313875471037537 -0.70374033502422551 -0.72539357596134313 -0.73879293341929464 -0.66460019490211875 -0.76447503521370164 -0.5661941022421767 -0.58585272465644755 -0.69473484499613081 -0.63104849073494629 -0.6629893103809642 -0.74307328371836245 -0.55099256404769315 -0.60717216172295863 -0.70829543753843627 -0.76447503521370164 -0.73451258312022671 -0.69705951800338317 -0.75823285769422777 -0.76447503521370164 -0.73076727660854246 -0.75323911567864854 -0.53975664451264005 -0.76447503521370164
leaf_weight=4.4500139355659476 4.6725146323442521 8.6775271743536013 8.2325257807970029 5.117516025900839 7.787524387240409 6.0075188130140313 6.675020903348921 7.5650236904621115 8.6775271743535978 6.4525202065706289 7.1200222969055122 6.8975216001272202 4.6725146323442459 4.4500139355659467 4.4500139355659529 5.3400167226791373 6.8975216001272184 6.6750209033489254 4.4500139355659467 8.0100250840187055 19.135059922933578 4.4500139355659485 4.4500139355659485 6.6750209033489227 9.1225285679101962
leaf_count=20 21 39 37 23 35 27 30 34 39 29 32 31 21 20 20 24 31 30 20 36 86 20 20 30 41
internal_value=-0.689381 -0.608046 -0.73425 -0.653324 -0.695331 -0.585883 -0.745749 -0.601554 -0.615534 -0.67678 -0.661326 -0.689569 -0.733692 -0.559018 -0.640163 -0.739781 -0.744563 -0.737173 -0.720628 -0.747451 -0.760666 -0.750992 -0.760069 -0.544251 -0.764475
internal_weight=177.111 62.9677 114.143 20.6926 26.0326 42.2751 88.1103 26.7001 19.1351 18.2451 13.5725 12.015 48.7277 15.575 10.4575 40.4951 35.1551 23.8076 9.12253 14.685 39.3826 11.125 11.3475 11.125 28.2576
internal_count=796 283 513 93 117 190 396 120 86 82 61 54 219 70 47 182 158 107 41 66 177 50 51 50 127
is_linear=0
shrinkage=1


Tree=1
num_leaves=28
num_cat=0
split_feature=3 3 1 3 0 2 6 2 1 7 7 3 3 11 4 13 4 4 10 8 7 5 1 8 7 3 0
split_gain=230.749 21.2767 22.4177 19.1853 9.4013 5.99417 7.74549 5.72609 4.9822 15.4271 4.6964 3.38186 3.24455 3.79684 3.23953 3.21247 1.9325 1.82868 1.61358 1.60179 1.49203 0.519942 0.185379 0.17394 0.131332 0.000207539 5.93648e-05
threshold=-1.2433379192204226 -2.3487404463865285 152.61681230470506 1.0472171316746286 153.18331666158821 -1.5010227477361295 -0.45680945473175422 1.5438128977684615 152.30073145865802 0.93915820453315868 -0.72121310486884382 -3.892597439740896 2.7384760164105022 57.054911198400397 8.1257024060902658 0.97173301733765449 8.0005394591897474 8.9255207298636563 66.953585855088889 0.34609433037729026 -0.79698511899231217 54.647078083661377 148.5761310947033 2.1805738701698609 0.043194276055719454 1.7981756930520592 152.44351525253643
decision_type=2 2 2 2 2 2 2 2 2 2 2 2 2 2 2 2 2 2 2 2 2 2 2 2 2 2 2
left_child=1 8 10 4 5 -2 7 14 11 -10 -3 24 13 16 -7 17 20 -13 19 -6 -5 23 -14 25 -1 -18 -24
right_child=3 2 -4 12 18 6 -8 -9 9 -11 -12 15 22 -15 -16 -17 21 -19 -20 -21 -22 -23 26 -25 -26 -27 -28
leaf_value=0.13786813506487239 -0.051842142850247769 0.098444338826039438 -0.043830524411586413 -0.017287241190007231 -0.038744478639168425 -0.010781448964574405 0.070903333954081688 -0.038503673322328978 0.005039200911181642 0.1121926592720791 0.041427812013037524 0.13135920401673448 -0.062216184395808553 -0.012385336932741006 0.045169012355522661 0.073058076932025789 -0.074012072991012701 0.090830900052364869 -0.02335672950238488 -0.07403828673126249 -0.056100171582216411 -0.050890380844083143 -0.073480231420826034 -0.061996182559017482 0.12595947314144551 -0.073572875215993191 -0.07327891058441531
leaf_weight=4.6222259700298292 4.4133561998605755 6.8360019177198419 6.433743640780448 4.3936490416526794 7.0373529642820376 4.667283460497865 4.4499963074922517 6.8726802021265021 5.4730882942676535 8.6961256116628629 7.6570466011762628 6.2100539505481773 4.3614201247692135 5.6887423396110526 5.8047065138816833 8.9501556009054166 6.1351975947618502 5.043983206152916 5.9188335686922064 5.9183513820171356 5.6733627617359179 4.3678981065750113 4.3482878059148815 4.3490360230207434 4.6385406255722046 4.789710059762001 23.193081855773926
leaf_count=20 20 30 29 20 32 21 20 31 24 38 34 27 20 26 26 39 28 22 27 27 26 20 20 20 20 22 107
internal_value=-4.46447e-05 0.0752887 0.0338411 -0.0433216 -0.0180805 0.00129621 0.0120566 -0.00304132 0.0951668 0.0708029 0.0683211 0.106883 -0.0602299 -0.0498075 0.0202323 0.0954148 -0.0569732 0.113195 -0.0449859 -0.0548672 -0.0391606 -0.0661027 -0.071794 -0.070453 0.131903 -0.0738195 -0.0733107
internal_weight=176.944 64.561 20.9268 112.383 45.0826 26.208 21.7947 17.3447 43.6342 14.1692 14.493 29.465 67.3004 35.3976 10.472 20.2042 29.7089 11.254 18.8745 12.9557 10.067 19.6418 31.9028 15.2739 9.26077 10.9249 27.5414
internal_count=796 283 93 513 204 118 98 78 190 62 64 128 309 162 47 88 136 49 86 59 46 90 147 70 40 50 127
is_linear=0
shrinkage=0.05


Tree=2
num_leaves=30
num_cat=0
split_feature=3 9 3 1 7 3 9 5 3 15 3 7 8 15 7 5 1 11 4 16 5 5 4 4 1 3 3 1 0
split_gain=206.854 18.2215 18.2021 19.8984 7.55322 5.82612 5.35658 4.51939 4.3096 4.13221 4.81452 4.00322 3.25684 2.81185 2.34174 2.34007 1.57436 0.855501 0.930442 0.586067 1.25981 0.499412 0.0133186 0.000860946 0.000392441 8.17329e-05 1.60774e-05 4.98044e-10 3.55271e-15
threshold=-1.2433379192204226 50.769654082883356 -2.3487404463865285 152.61681230470506 0.38486429557293528 2.4683161488560619 7.1950658057011525 46.061337088636392 -0.58972934256543386 44.500000000000007 -3.4556382278425697 -0.72121310486884382 -0.7176297273299318 24.500000000000004 2.1349632295573362 47.624564519366054 147.99212449450906 49.413202131032911 12.642217555801052 2.5000000000000004 54.339742618571002 49.966919619007065 8.2043783789868936 8.5795623053353633 148.95012643985902 2.7608902589808086 4.0335163269910348 153.52768130935209 162.70497314304791
decision_type=2 2 2 2 2 2 2 2 2 2 2 2 2 2 2 2 2 2 2 2 2 2 2 2 2 2 2 2 2
left_child=2 4 6 11 7 12 13 -2 -9 10 -8 -4 -3 -1 16 -12 -14 18 -18 24 -21 -19 -15 -23 -7 -26 27 -27 -29
right_child=1 5 3 -5 -6 19 9 8 -10 -11 15 -13 14 22 -16 -17 17 21 -20 20 -22 23 -24 -25 25 26 -28 28 -30
leaf_value=0.086132838033012193 -0.030547444885675554 -0.012586421892233891 0.090961186939762101 -0.042289386666183107 -0.047026848585238298 -0.072231349863070643 0.0290638909294419 -0.0033310015148674877 0.052974698244132923 0.10511320696200283 0.059276415160593614 0.038849542618409873 -0.031323668500559385 0.12980611782526913 -0.016227291796792467 0.10155188630047779 -0.059026312462266396 -0.053223557266111603 -0.030556738704140926 -0.071740192585857399 -0.036777105397212656 -0.073042666791096195 0.12611016732628005 -0.072091864710874615 -0.071899607938753718 -0.071633406861971602 -0.071745431521182873 -0.071634060001015118 -0.071634060001015076
leaf_weight=6.8621312081813839 4.6001366376876893 8.1201726645231229 7.0232799649238595 6.3372784256935111 7.5916103869676581 4.2600365281105068 6.9508343786001232 6.3604112565517461 7.2973937839269585 8.0468772053718549 6.5047662109136599 7.754335269331933 7.146494433283805 4.7340207546949369 5.2277562171220771 6.589166522026062 7.3017340600490588 5.1468121707439414 4.7283589690923691 6.5469229370355588 4.2483720481395721 4.3147232979536039 5.0246571600437164 5.3120801150798798 4.4476970434188869 4.2159333229064968 4.2242443710565558 5.2699796855449659 4.2159837484359741
leaf_count=29 21 37 30 29 35 20 30 29 32 34 28 34 33 20 24 28 34 24 22 31 20 20 21 25 21 20 20 25 20
internal_value=-8.31754e-05 -0.0418583 0.0700908 0.0318305 -0.00511194 -0.0530693 0.0881587 0.0123162 0.0267533 0.0748469 0.0626967 0.0636164 -0.0414058 0.110658 -0.047379 0.0805504 -0.0521758 -0.0577355 -0.0478365 -0.0678082 -0.0579808 -0.0657962 0.127903 -0.072518 -0.0717915 -0.0717078 -0.0716602 -0.0716339 -0.0716341
internal_weight=176.404 110.577 65.8273 21.1149 25.8496 84.7273 44.7125 18.2579 13.6578 28.0916 20.0448 14.7776 47.2981 16.6208 39.178 13.0939 33.9502 26.8037 12.0301 37.4292 10.7953 14.7736 9.75868 9.6268 26.6339 22.3738 17.9261 13.7019 9.48596
internal_count=796 513 283 93 117 396 190 82 61 120 86 64 219 70 182 56 158 125 56 177 51 69 41 45 126 106 85 65 45
is_linear=0
shrinkage=0.05


Tree=3
num_leaves=31
num_cat=0
split_feature=3 3 3 1 6 12 9 5 5 12 7 3 11 3 9 4 7 9 2 7 11 1 9 1 12 1 5 13 0 14
split_gain=186.133 17.23 15.7676 17.7291 8.52358 6.15694 4.62283 4.44075 3.67846 4.11193 3.4645 3.09055 3.65909 2.90805 2.32146 1.92181 1.89546 1.88781 1.83651 1.39335 0.548115 0.521559 0.193154 0.188242 0.154204 0.000409006 0.000122148 0.000111039 3.78269e-08 1.54703e-09
threshold=-1.2433379192204226 1.0472171316746286 -2.3487404463865285 152.61681230470506 0.81251380378598992 51.136196353222736 7.1950658057011525 46.23353445620603 52.632094308484007 49.832902600209344 -0.72121310486884382 2.7384760164105022 57.054911198400397 -3.4556382278425697 1.0717255716732701 8.0005394591897474 -0.11336162079601873 59.819011962855164 -5.6984698527345889 -0.79698511899231217 52.067063720987527 148.30653215550959 77.803614214832251 148.5761310947033 50.368664718742203 153.55771792865391 53.894439167460455 0.90607170793852465 154.56258322427934 9.5000000000000018
decision_type=2 2 2 2 2 2 2 2 2 2 2 2 2 2 2 2 2 2 2 2 2 2 2 2 2 2 2 2 2 2
left_child=2 4 6 10 5 7 14 -2 9 -9 -4 12 15 -8 -1 19 18 20 -15 -3 -6 -17 25 -13 -16 -23 28 -28 -25 -30
right_child=1 11 3 -5 17 -7 13 8 -10 -11 -12 23 -14 16 24 21 -18 -19 -20 -21 -22 22 -24 26 -26 -27 27 -29 29 -31
leaf_value=0.075411772982094616 -0.053967755949587574 -0.014617418444786194 0.084573647622153691 -0.040813524600082002 -0.072414813203397529 0.042132362015516962 0.045777879530665269 0.036531476837173914 -0.036805056087041113 -0.020245232862933869 0.036487749067845777 -0.058772645964899776 -0.0095988942589215406 0.11021923485296026 0.12016123401564856 -0.047740241205187453 0.060921939987188312 -0.023654251246005103 0.071263203563818767 -0.05272468959741116 -0.048078674606735226 -0.071080090786069763 -0.058575679097819439 -0.070131851912937526 0.10850853891335371 -0.07171715747527245 -0.070221142546362622 -0.070523763284018992 -0.070136854031745646 -0.070138136462517472
leaf_weight=5.3067582398653057 5.1908467859029832 4.2984173744916916 7.1719290763139734 6.2406088262796393 5.1220115423202497 6.4111526459455481 8.6973775029182452 7.5746118128299731 5.2829860746860495 5.5076790452003479 7.8411181271076211 4.1499479115009335 5.5621568113565436 6.7128153443336513 6.8002241104841215 4.2049406468868282 7.6470244079828253 5.1233265250921241 5.5076656192541114 5.4276558905839938 4.2199223637580872 6.2541628628969175 4.1365008056163779 4.0931070744991329 4.874032735824585 4.2189807295799255 6.9709482938051206 5.3634540736675262 4.0935403406620008 5.5264292657375336
leaf_count=22 24 20 30 29 24 29 37 34 24 25 34 20 26 28 28 20 32 24 23 26 20 30 20 20 20 20 34 26 20 27
internal_value=-0.000112201 -0.0404684 0.0655774 0.0300165 -0.0165248 -0.00130991 0.0821717 -0.0131334 -0.00159176 0.0126283 0.059459 -0.0570137 -0.0466987 0.0698898 0.102832 -0.0539289 0.0804453 -0.0480452 0.0926621 -0.0358833 -0.0614217 -0.0632575 -0.0677236 -0.0686628 0.115296 -0.0713367 -0.0702386 -0.0703527 -0.0701359 -0.0701376
internal_weight=175.532 108.733 66.7996 21.2537 44.4325 29.9673 45.5459 23.5561 18.3653 13.0823 15.013 64.3002 34.1028 28.5649 16.981 28.5407 19.8675 14.4653 12.2205 9.72607 9.34193 18.8146 14.6096 30.1974 11.6743 10.4731 26.0475 12.3344 13.7131 9.61997
internal_count=796 513 283 93 204 136 190 107 83 59 64 309 162 120 70 136 83 68 51 46 44 90 70 147 48 50 127 60 67 47
is_linear=0
shrinkage=0.05


Tree=4
num_leaves=30
num_cat=0
split_feature=3 9 1 2 7 7 3 9 15 2 12 12 11 0 1 14 7 10 10 0 13 0 13 12 1 3 5 5 2
split_gain=167.986 16.4869 13.8507 22.0517 7.46708 6.69678 5.41696 4.95579 4.62709 5.16621 3.38815 6.35145 3.10786 3.32898 7.44449 2.56073 2.69467 2.51299 1.98522 1.29421 1.31633 0.594743 1.31557 0.481881 0.00123685 0.000552667 5.89528e-05 1.28802e-05 2.11503e-09
threshold=-1.2433379192204226 50.769654082883356 151.91335037415737 -4.7896725139037803 0.31579063369967858 0.38486429557293528 2.4683161488560619 7.1950658057011525 24.500000000000004 -1.3010669070976488 51.268197099661059 50.022145913525797 59.625535086107121 153.0300899083841 151.20011881907064 13.500000000000002 -1.1459686088218011 59.182734679968632 45.730792437075635 157.32911508857919 0.93205115727488597 152.7902084246858 0.95324123294841745 50.173762080465337 153.85892388688271 2.7384760164105022 57.280359586738264 54.339742618571002 7.2192015144078434
decision_type=2 2 2 2 2 2 2 2 2 2 2 2 2 2 2 2 2 2 2 2 2 2 2 2 2 2 2 2 2
left_child=2 5 7 4 -4 8 12 23 -2 -10 11 15 13 14 18 16 -9 -6 -3 24 -21 22 -8 -1 -15 -23 27 28 -27
right_child=1 6 3 -5 17 -7 21 10 9 -11 -12 -13 -14 19 -16 -17 -18 -19 -20 20 -22 25 -24 -25 -26 26 -28 -29 -30
leaf_value=0.11188014938328678 -0.024673135257286156 -0.064485254223956567 0.0037782536356699239 -0.05585467685339171 0.058031371626518814 -0.044418115045745325 -0.069372994971383134 0.088837999276893037 -0.011335600521388774 0.054908131380330988 0.10374403181506574 0.027074079619082061 -0.0012506092654065034 -0.069936477021814838 0.029924421848637424 0.10234891499205422 0.036592750408916616 0.1022747631833487 -0.025830321653769098 -0.032628350220936207 -0.063129124375256904 -0.069489555442445075 -0.032512983954496366 0.091973229384335053 -0.071105652206722256 -0.068773865767879166 -0.069001625497117511 -0.068866847453588995 -0.068772457060765735
leaf_weight=7.9086497128009778 5.826132267713553 6.7625014781951922 4.7050097584724488 5.6184077262878409 7.3927558511495572 7.3578906953334799 6.0357945561408979 4.8628305047750509 4.7937272340059316 7.6243657767772621 5.3089858889579764 9.3999154418706876 4.9132539182901374 4.6825876533985156 4.3399500697851172 6.7116117030382147 5.0115822255611473 5.6718354672193527 6.5277856588363647 7.8659710288047773 6.4281988590955734 4.0338774025440243 4.0416299253702164 4.938152402639389 4.3758881092071533 4.9615438133478218 4.9879513978958121 5.5689425766468039 5.7551946491003036
leaf_count=32 26 32 20 26 31 35 30 20 22 34 22 39 23 23 20 28 21 24 31 38 31 20 20 20 21 25 25 28 29
internal_value=-0.000136722 -0.0391408 0.0615972 0.0304883 0.0577882 -0.00415093 -0.050162 0.07808 0.0120888 0.0293362 0.067346 0.0599098 -0.0388282 -0.0433332 -0.0269325 0.078519 0.0623219 0.0772391 -0.0454991 -0.0557151 -0.0463448 -0.0648625 -0.05459 0.104228 -0.0705013 -0.068953 -0.0688512 -0.0688052 -0.0687731
internal_weight=174.413 106.883 67.5297 23.388 17.7696 25.6021 81.2811 44.1417 18.2442 12.4181 31.2949 25.9859 45.8961 40.9829 17.6302 16.586 9.87441 13.0646 13.2903 23.3526 14.2942 35.3849 10.0774 12.8468 9.05848 25.3075 21.2736 16.2857 10.7167
internal_count=796 513 283 101 75 117 396 182 82 56 130 108 219 196 83 69 41 55 63 113 69 177 50 52 44 127 107 82 54
is_linear=0
shrinkage=0.05


Tree=5
num_leaves=30
num_cat=0
split_feature=3 3 3 1 6 12 5 9 5 12 15 8 3 11 1 15 12 4 9 6 6 5 8 1 4 3 16 1 5
split_gain=151.95 15.6647 12.5113 14.4666 7.46555 5.54578 4.16418 3.84358 3.35354 3.70765 3.34574 4.23609 2.97161 3.38115 2.93445 2.29869 1.9749 1.83546 1.81826 1.1255 0.559293 0.52821 0.192886 0.188135 0.0117729 0.000649558 0.00022463 3.54714e-05 3.78599e-08
threshold=-1.2433379192204226 1.0472171316746286 -2.3487404463865285 152.61681230470506 0.81251380378598992 51.136196353222736 46.23353445620603 7.1950658057011525 52.632094308484007 49.832902600209344 44.500000000000007 -2.8160362472192171 2.7384760164105022 57.054911198400397 152.82471820994354 24.500000000000004 49.950454794886262 8.0005394591897474 59.819011962855164 -0.16486558425749817 2.4794426959853841 54.647078083661377 2.1805738701698609 148.5761310947033 8.2043783789868936 1.7981756930520592 2.5000000000000004 152.03730243147086 53.622982436556534
decision_type=2 2 2 2 2 2 2 2 2 2 2 2 2 2 2 2 2 2 2 2 2 2 2 2 2 2 2 2 2
left_child=2 4 7 16 5 6 -2 15 9 -8 11 -9 13 17 -13 -1 -4 19 20 -3 -6 22 25 -14 -17 -19 27 -25 -29
right_child=1 12 3 -5 18 -7 8 10 -10 -11 -12 14 23 -15 -16 24 -18 21 -20 -21 -22 -23 -24 26 -26 -27 -28 28 -30
leaf_value=0.069493115961253349 -0.052318150045828231 -0.014850545330871646 0.067600246251830198 -0.038758309208863417 -0.070105617451308708 0.040039130515313673 0.034858914370834819 0.013448100135053712 -0.03513722118628216 -0.019141445125092485 0.088172762751272629 0.083208337845863622 -0.055893200608429484 -0.0081558577009706902 0.038889152301879115 0.10820908912028518 0.031307276357965638 -0.069234469744159741 -0.021074250310818922 -0.049470295555667419 -0.044982723923753638 -0.044597926215142109 -0.055804984981905587 -0.067688830342775855 0.10481044289898343 -0.068419116141586828 -0.067901072341830626 -0.067525878227333816 -0.067520564351148032
leaf_weight=7.1529825031757381 5.0768576264381471 4.4085320830345154 8.8856612741947192 6.0921043008565894 4.8936272561550123 6.4746577739715567 7.6312341690063494 5.5668785721063641 5.1895049661397925 5.4479099661111832 8.3957442641258222 8.7963041216135043 3.9466469287872341 5.4950755536556235 6.491044580936431 4.9614842534065229 6.4832790791988364 5.6132723391056079 4.9965351074933997 5.0220669358968753 4.0477485358715057 4.0261797308921805 3.9388954788446418 4.246198043227202 5.2383303642272949 4.3245524764060974 6.7930219471454611 6.3419566303491575 7.109641507267952
leaf_count=29 24 21 37 29 24 29 34 23 24 25 34 36 20 26 27 20 27 28 24 25 20 20 20 22 21 22 35 33 37
internal_value=-0.000159356 -0.0378732 0.058034 0.0264445 -0.0150242 -0.000904799 -0.0122602 0.0725813 -0.00112811 0.0123659 0.0615213 0.0507917 -0.0541927 -0.0439438 0.0643903 0.0912241 0.0522903 -0.0511385 -0.0452326 -0.0332866 -0.0587325 -0.0605423 -0.0651684 -0.0660241 0.106464 -0.0688797 -0.0676567 -0.0675628 -0.0675231
internal_weight=173.088 105.024 68.0638 21.461 43.7581 29.8202 23.3455 46.6028 18.2686 13.0791 29.25 20.8542 61.266 32.8286 15.2873 17.3528 15.3689 27.3335 13.9379 9.4306 8.94138 17.9029 13.8767 28.4375 10.1998 9.93782 24.4908 17.6978 13.4516
internal_count=796 513 283 93 204 136 107 190 83 59 120 86 309 162 63 70 64 136 68 46 44 90 70 147 41 50 127 92 70
is_linear=0
shrinkage=0.05


Tree=6
num_leaves=29
num_cat=0
split_feature=3 9 3 1 7 3 11 15 2 0 1 9 15 5 7 8 10 15 9 11 10 1 4 7 9 16 0 5
split_gain=137.768 14.9663 11.1392 12.9827 5.95333 5.09984 4.35879 4.29725 4.56191 4.11365 8.50527 3.49902 2.99415 4.0609 2.97324 2.91448 2.25071 2.08658 1.21411 0.972897 0.217691 0.189063 0.00865647 0.00476771 0.000915824 0.000183307 3.27924e-05 3.62595e-08
threshold=-1.2433379192204226 50.769654082883356 -2.3487404463865285 152.61681230470506 0.38486429557293528 2.7384760164105022 60.112090933693722 24.500000000000004 -1.3010669070976488 153.0300899083841 151.30689162862279 7.1950658057011525 44.500000000000007 47.624564519366054 -0.72121310486884382 -1.1645953031281686 45.730792437075635 24.500000000000004 80.217014383828911 45.740780932267931 52.920851739792568 148.5761310947033 8.2043783789868936 2.0981163690236952 71.712337920434891 2.5000000000000004 154.56258322427934 53.894439167460455
decision_type=2 2 2 2 2 2 2 2 2 2 2 2 2 2 2 2 2 2 2 2 2 2 2 2 2 2 2 2
left_child=2 4 11 14 7 6 9 -2 -9 10 16 17 13 15 -4 -13 -3 -1 19 -11 -21 -7 -19 24 -22 26 -23 -28
right_child=1 5 3 -5 -6 21 -8 8 -10 18 -12 12 -14 -15 -16 -17 -18 22 -20 20 23 25 -24 -25 -26 -27 27 -29
leaf_value=0.065635511986515571 -0.023809901313197476 -0.062888631903805725 0.072124822240704808 -0.037419207820502461 -0.042052932172546735 -0.054547645328769989 0.010435679973702747 -0.010210853260675341 0.052098701499304595 -0.041668596825634174 0.034414952899459707 0.0059431653375826843 0.083126990851280308 0.071859911379836633 0.028295683411271606 0.057051543473058165 -0.024170297102308835 0.10226695918920028 -0.029627959586745231 -0.05544345443487813 -0.068728305650050711 -0.066546445496233217 0.099357870372051293 -0.070308031667818238 -0.067716735227960054 -0.066726104147796061 -0.06638173236039896 -0.066376508907628418
leaf_weight=7.1935680061578777 5.7754477858543458 7.4497245252132434 7.4012879878282556 5.9970645159482947 7.1274877339601508 3.8444111347198513 4.2421181499958029 4.7444294989109075 7.7129539549350685 5.5380661189556184 4.5864820927381507 6.5446047484874743 8.4582943916320783 9.5986135452985746 8.1085664331912994 4.8615179806947744 7.564787283539772 4.9864902496337873 3.893220826983451 3.9058057963848141 4.7338061481714231 3.7358701676130357 5.2490996867418289 4.1002294570207587 4.2429690957069397 6.5725956112146369 6.1340399682521802 7.2481490224599838
leaf_count=29 26 37 30 29 35 20 20 22 34 28 21 27 34 39 34 20 37 20 20 20 24 20 21 20 22 35 33 39
internal_value=-0.000176342 -0.0366628 0.0548489 0.0250547 -0.00330652 -0.047537 -0.038061 0.01184 0.0283679 -0.0425319 -0.0251774 0.0685139 0.058009 0.0478944 0.0492109 0.0277266 -0.0433811 0.0862719 -0.0554101 -0.0598671 -0.0658016 -0.0648326 0.100775 -0.0688954 -0.0682502 -0.0665016 -0.0664155 -0.0663789
internal_weight=171.552 103.153 68.3991 21.5069 25.3603 77.7923 50.2572 18.2328 12.4574 46.0151 19.601 46.8922 29.463 21.0047 15.5099 11.4061 15.0145 17.4292 26.4141 22.5209 16.9828 27.5351 10.2356 13.077 8.97678 23.6907 17.1181 13.3822
internal_count=796 513 283 93 117 396 249 82 56 229 95 190 120 86 64 47 74 70 134 114 86 147 41 66 46 127 92 72
is_linear=0
shrinkage=0.05


Tree=7
num_leaves=30
num_cat=0
split_feature=3 3 1 2 6 7 2 5 5 1 0 0 2 4 3 3 5 8 9 9 4 14 10 8 1 1 16 0 5
split_gain=125.166 14.3112 10.2331 15.7916 6.45461 5.61326 5.47509 4.21251 4.20089 4.87484 4.26827 3.89548 2.87033 3.95216 2.85818 2.21277 2.11599 3.93607 5.11431 1.79125 1.53595 1.13464 0.577067 0.201723 0.190792 0.000678147 0.000150121 2.68709e-05 2.96731e-08
threshold=-1.2433379192204226 1.0472171316746286 149.15191738900492 -4.5210046667388601 0.81251380378598992 -0.67875915122442831 -10.04354774587827 47.037262317752074 46.061337088636392 143.43975266676986 150.57734413064964 153.18331666158821 -7.6509987209741004 12.275623094178561 2.7384760164105022 -0.17742917118096099 52.975723382861638 2.2667605074755977 71.050733061826023 59.819011962855164 8.0005394591897474 10.500000000000002 64.123665123843679 2.1199145585420691 148.5761310947033 151.17320691744212 2.5000000000000004 154.56258322427934 53.894439167460455
decision_type=2 2 2 2 2 2 2 2 2 2 2 2 2 2 2 2 2 2 2 2 2 2 2 2 2 2 2 2 2
left_child=2 4 12 5 8 -4 -7 -8 -2 -10 15 -12 -1 21 16 -11 20 18 -18 22 -3 -14 -6 25 -16 -22 27 -26 -29
right_child=1 14 3 -5 19 6 7 -9 9 10 11 -13 13 -15 24 -17 17 -19 -20 -21 23 -23 -24 -25 26 -27 -28 28 -30
leaf_value=0.097712456746819415 -0.042225568121114644 -0.033432420522117659 0.0072542918046186863 -0.033657252482979204 -0.068116797352546443 0.10359447462933985 0.022476411511577105 0.070865956385319215 0.054750024093652705 -0.0045386842731681351 0.048141588808023716 -0.014745345541453785 0.088475902079107618 0.028338519220230587 -0.053263241209721451 -0.051594166214902752 -0.045832709556990876 -0.068063164397498668 0.029386586927153954 -0.018213621717710973 -0.067154975844018042 0.062909094390572726 -0.041994027667353689 -0.053623972256169827 -0.065481275190807403 -0.068074051282812825 -0.065646625315748997 -0.065329592303084758 -0.065324784967417199
leaf_weight=8.473167687654497 5.0411527156829861 6.8597564697265687 6.1340773403644588 6.9788729548454276 4.6609015613794309 5.70625972747803 8.7354400902986544 9.2707391083240491 4.5264150947332409 5.5816380381584203 5.5988382548093778 4.3959993571043015 8.7047931253910118 5.8925186842679969 3.7428539097309139 4.5227931588888151 4.4759326577186567 3.879651576280593 4.5640912353992462 4.8509813547134391 3.7962580919265729 8.6536251753568632 3.8690561354160309 3.7673141807317725 3.6099996566772523 4.2585328072309494 6.3522270470857611 5.9264504611492139 7.0028206408023834
leaf_count=34 24 34 25 32 24 23 37 38 20 25 25 21 35 24 20 21 23 20 23 24 20 35 20 20 20 22 35 33 39
internal_value=-0.000190977 -0.035504 0.051985 0.0340544 -0.0136436 0.0498871 0.0609156 0.0473905 -0.00064081 0.00787206 -0.002685 0.0204822 0.0727988 0.0637196 -0.0516631 -0.0256009 -0.0414939 -0.0259358 -0.00785629 -0.0424721 -0.0522533 0.0757302 -0.0562679 -0.0631742 -0.0637288 -0.0676409 -0.06544 -0.0653607 -0.065327
internal_weight=169.833 101.284 68.5495 36.8254 43.0478 29.8465 23.7124 18.0062 29.6668 24.6257 20.0993 9.99484 31.7241 23.2509 58.2359 10.1044 31.6015 12.9197 9.04002 13.3809 18.6819 17.3584 8.52996 11.8221 26.6344 8.05479 22.8915 16.5393 12.9293
internal_count=796 513 283 155 204 123 98 75 136 112 92 46 128 94 309 46 162 66 46 68 96 70 44 62 147 42 127 92 72
is_linear=0
shrinkage=0.05


Tree=8
num_leaves=29
num_cat=0
split_feature=3 3 1 2 1 7 6 12 4 2 7 11 12 3 11 0 3 3 8 7 1 14 2 1 13 16 0 5
split_gain=113.84 13.6078 9.59452 15.9921 6.30347 6.25963 4.77473 5.08812 4.60345 3.58783 2.93011 3.51617 3.11897 2.83464 3.10599 2.75424 2.55893 7.55449 3.34247 1.85554 0.665505 0.51076 0.753733 0.193226 0.00211026 0.00012334 2.20894e-05 2.43823e-08
threshold=-1.2433379192204226 1.0472171316746286 151.91335037415737 -4.7896725139037803 157.26763323857992 0.31579063369967858 0.81251380378598992 51.136196353222736 8.8277484702243338 -7.7609730421959418 -2.8526213983627877 48.965100744113009 49.950454794886262 2.7384760164105022 57.054911198400397 157.15631847687129 -0.31304503909680642 -0.68124018882132009 -0.15998471028921776 -1.9511526837506403 149.21677051177133 4.5000000000000009 5.0615193848870783 148.5761310947033 0.86976356364035323 2.5000000000000004 154.56258322427934 53.894439167460455
decision_type=2 2 2 2 2 2 2 2 2 2 2 2 2 2 2 2 2 2 2 2 2 2 2 2 2 2 2 2
left_child=2 4 9 5 6 -4 7 16 -7 20 -11 -12 -13 14 19 -8 17 -2 -18 -3 -1 -21 24 -15 -23 26 -25 -28
right_child=1 13 3 -5 -6 8 15 -9 -10 10 11 12 -14 23 -16 -17 18 -19 -20 21 -22 22 -24 25 -26 -27 27 -29
leaf_value=0.093956631060105267 -0.0322282873244557 -0.025568716740426864 -0.0031164494818715326 -0.052649461717467476 -0.060769074905107606 0.031204919475726831 -0.058634838396908077 0.045472019019988805 0.09005588651009816 0.081190394546723041 0.07222277187783141 0.05016372766378744 0.0056209725258540887 -0.052032810448749092 -0.0056915770555940534 -0.0037268128083580328 0.002605128385970339 0.053349095925839966 -0.052875763211074338 -0.039105853497860055 0.07096385489190643 -0.067418529833196142 -0.041051907012959715 -0.064500106895580306 -0.066012799537657096 -0.064652612220732486 -0.064360129574705327 -0.064355693959836313
leaf_weight=7.9356646090745908 5.0444214344024658 7.0032184273004594 4.8161381483078065 5.3353480100631705 5.9615422934293738 6.0851099491119367 5.5460963994264585 6.1037949919700614 7.3202466070652008 7.4766157716512671 8.1507708132267052 9.6318910866975802 6.638838291168212 3.6423607766628292 5.3735896795988074 3.882778525352478 5.8346748203039169 5.2762043327093142 5.0767350643873232 3.6884337067604092 5.2153664976358414 4.5680100172758085 3.9164658188819876 3.4848412573337582 6.4245859831571579 6.1329539865255347 5.7201637029647809 6.7590370923280716
leaf_count=32 24 36 20 26 30 25 29 27 30 30 33 39 27 20 26 20 27 23 24 20 21 24 21 20 35 35 33 39
internal_value=-0.000204069 -0.0343866 0.0493412 0.0234838 -0.0130767 0.045776 -0.00534321 0.0052394 0.0633416 0.0628625 0.0538022 0.0454173 0.0319892 -0.0504407 -0.0402507 -0.0360239 -0.00632669 0.0115214 -0.0232084 -0.0475047 0.0848383 -0.0557651 -0.0598865 -0.0627032 -0.066597 -0.064462 -0.0643888 -0.0643577
internal_weight=168.046 99.4399 68.606 23.5568 42.7262 18.2215 36.7647 27.3358 13.4054 45.0491 31.8981 24.4215 16.2707 56.7137 30.9743 9.42887 21.232 10.3206 10.9114 25.6007 13.151 18.5975 14.9091 25.7394 10.9926 22.097 15.964 12.4792
internal_count=796 513 283 101 204 75 174 125 55 182 129 99 66 309 162 49 98 47 51 136 53 100 80 147 59 127 92 72
is_linear=0
shrinkage=0.05


Tree=9
num_leaves=31
num_cat=0
split_feature=3 2 1 2 6 12 0 5 9 9 12 12 11 0 14 9 11 9 5 12 11 8 5 12 1 8 3 16 1 5
split_gain=103.698 13.067 8.63226 14.5083 6.86013 4.04727 4.00255 3.97848 7.61474 3.50786 2.95088 5.01639 2.75921 2.33774 2.69897 2.29092 2.27448 2.0083 3.39641 4.27498 1.0457 0.639652 0.592885 0.428267 0.215915 0.175616 0.00354169 5.25148e-05 1.2759e-05 1.11159e-08
threshold=-1.2433379192204226 3.342621251565419 151.91335037415737 -4.7896725139037803 0.81251380378598992 51.136196353222736 153.18331666158821 47.037262317752074 13.978898664686781 7.1950658057011525 51.268197099661059 50.022145913525797 51.364109276439429 141.25170601067521 9.5000000000000018 46.628271401006806 56.558645421094603 83.117342966425724 53.622982436556534 50.073237681229323 46.244048339915977 2.1199145585420691 49.966919619007065 50.173762080465337 149.10280506233764 -0.1762016887824038 2.8045246762805367 2.5000000000000004 153.27781018614709 53.894439167460455
decision_type=2 2 2 2 2 2 2 2 2 2 2 2 2 2 2 2 2 2 2 2 2 2 2 2 2 2 2 2 2 2
left_child=2 4 9 7 5 6 12 8 -4 23 11 13 15 -11 -15 -2 20 18 21 -20 -6 25 -22 -1 -19 -3 -26 28 -28 -30
right_child=1 17 3 -5 16 -7 -8 -9 -10 10 -12 -13 -14 14 -16 -17 -18 24 19 -21 22 -23 -24 -25 26 -27 27 -29 29 -31
leaf_value=0.089134185060533611 0.0019800759965134217 -0.053496749194182271 0.067052310380484009 -0.051159325012386583 -0.029108991756880989 0.033743231415606999 -0.056202749934186419 0.072545070529908329 -0.015627957614827156 0.089154607018327017 0.084385014225648147 0.01523469749759959 0.024173948414253479 0.02237287422477887 0.069789682331940286 -0.041881140087545669 -0.0044524815750334656 -0.050438234068216348 -0.047362117247989818 0.022500344511276096 -0.04132740747497983 -0.038072480937049263 -0.066125789220548056 0.070337102063224397 -0.065281255727953388 -0.066851353546252754 -0.063576618369248494 -0.063684594485055673 -0.063464350286346879 -0.063460831144683955
leaf_weight=7.8715402632951719 7.6920028924942105 3.724084958434104 5.4376118034124428 5.2191897332668296 5.2711513787508038 6.7339155673980704 3.939784660935401 7.1252393871545783 5.7080851048231125 4.9898660480976167 5.4795017838478079 9.6276187747716886 7.0061452686786643 5.4470913857221586 6.6830443888902664 4.8568340986967087 3.9012564420700064 3.5063307434320476 5.0662917941808683 3.8565494865179062 3.9262606501579267 3.6129507571458808 6.2422949075698853 4.9268454015254974 3.5508587658405331 7.2624748498201397 3.3584436327219036 5.0600352734327307 4.1786468625068647 4.8465014100074768
leaf_count=32 35 20 22 26 28 30 20 29 24 20 22 39 32 22 27 23 20 20 27 20 21 20 34 20 20 39 20 30 25 29
internal_value=-0.000215809 -0.0333171 0.0469332 0.0223621 -0.015309 -0.000430567 -0.0102252 0.0433639 0.024709 0.0597521 0.0509573 0.0441093 -0.000962047 0.0603472 0.048497 -0.0149957 -0.0385631 -0.051905 -0.0414696 -0.0171668 -0.047182 -0.0563229 -0.0565507 0.0818981 -0.0619237 -0.0623246 -0.0638419 -0.0635489 -0.0634934 -0.0634625
internal_weight=166.108 97.5928 68.5156 23.4901 49.5696 30.2287 23.4948 18.2709 11.1457 45.0255 32.2271 26.7476 19.555 17.12 12.1301 12.5488 19.341 48.0232 23.5224 8.92284 15.4397 14.5995 10.1686 12.7984 24.5008 10.9866 20.9945 17.4436 12.3836 9.02515
internal_count=796 513 283 101 243 140 110 75 46 182 130 108 90 69 49 58 103 270 126 47 83 79 55 52 144 59 124 104 74 54
is_linear=0
shrinkage=0.05


Tree=10
num_leaves=31
num_cat=0
split_feature=3 2 1 2 6 7 2 5 1 11 13 15 5 14 6 11 3 5 12 10 2 0 5 0 3 1 7 0 16 0
split_gain=94.6687 13.3316 8.26049 11.9035 7.75132 5.00253 4.15276 3.66435 4.617 4.52251 4.13999 2.78813 3.73477 2.13334 3.10703 2.11805 2.01489 3.49374 3.22617 1.55643 1.23461 0.876308 1.62107 0.547948 0.231872 0.201133 0.00601347 0.000147313 3.58206e-05 1.43073e-06
threshold=-1.3816908540436399 3.342621251565419 149.66459992099843 -4.6176531308869206 0.6859835333934684 -0.67875915122442831 -10.04354774587827 46.061337088636392 143.43975266676986 48.323287317332365 1.0215550651237739 34.500000000000007 47.667892797019228 11.500000000000002 -3.3474676740247555 56.786863578064455 2.7384760164105022 53.622982436556534 50.073237681229323 70.468981622793393 1.0525863112582956 139.85087686089938 47.584766986596144 157.97174769380175 2.169187704964529 148.5761310947033 1.762247559554557 153.46707173636869 2.5000000000000004 156.54914248237557
decision_type=2 2 2 2 2 2 2 2 2 2 2 2 2 2 2 2 2 2 2 2 2 2 2 2 2 2 2 2 2 2
left_child=2 4 13 5 7 -4 -7 -2 -9 -10 -11 12 -8 21 -15 19 17 23 -19 20 26 -1 -23 24 -3 -18 -6 -27 29 -29
right_child=1 16 3 -5 15 6 11 8 9 10 -12 -13 -14 14 -16 -17 25 18 -20 -21 -22 22 -24 -25 -26 27 -28 28 -30 -31
leaf_value=0.091932196436691316 -0.038719539920419627 -0.066607996703075878 -0.00056648352210688919 -0.034720758487670297 -0.06867995294571809 0.092346198791693257 -0.0086533403651515017 0.053475218241010848 -0.033120519245768358 0.03717911152456134 -0.018425984142958724 0.064338646795875823 0.053725036497185491 0.028563402187026757 0.072596789024128555 -0.00458041462064754 -0.049695796547151866 -0.044237566226885336 0.01730765259681246 -0.019361951374181854 -0.0349174884571197 0.047934842084287645 0.086953505710571088 -0.038973059151265727 -0.050817226475655564 -0.063019322282945087 -0.065837905166270805 -0.06267068897879019 -0.062813172593611966 -0.062631978540561059
leaf_weight=5.906775355339053 4.6799742132425335 6.8672206103801745 5.403097257018092 6.0841041207313529 3.8123740553855949 5.1659892648458507 4.6684731245040911 4.8267309963703182 7.141081482172015 8.6677813529968244 5.4535100907087317 7.3402363359928122 4.9373905807733536 7.8987860679626491 8.1289067119359952 3.9082469642162314 3.4445465356111553 4.4561388045549375 4.0778623968362808 4.2367856055498114 4.8699889332056046 5.1967408359050733 5.4573632776737213 3.7544925659894934 3.5145808309316635 4.0960904657840755 3.6367261856794357 3.2259757816791561 4.058678910136222 9.1774887740612012
leaf_count=24 23 37 22 29 20 21 20 21 33 39 26 30 20 32 33 20 20 24 21 23 27 21 22 21 20 25 20 20 25 57
internal_value=-0.000224949 -0.0314505 0.0459645 0.0285684 -0.0138404 0.0425628 0.0531014 0.00202027 0.00932835 -0.000693347 0.0157049 0.0411378 0.023409 0.0639001 0.0508962 -0.0376879 -0.0507812 -0.0400916 -0.014829 -0.0455034 -0.054494 0.0764853 0.0679214 -0.0553424 -0.0612623 -0.0608775 -0.0672924 -0.062751 -0.0626842 -0.062642
internal_weight=164.094 97.9063 66.1879 33.5993 51.2332 27.5152 22.1121 30.7691 26.0891 21.2624 14.1213 16.9461 9.60586 32.5886 16.0277 20.4641 46.6731 22.6703 8.534 16.5559 12.3191 16.5609 10.6541 14.1363 10.3818 24.0028 7.4491 20.5582 16.4621 12.4035
internal_count=796 522 274 142 252 113 91 142 119 98 65 70 40 132 65 110 270 123 45 90 67 67 43 78 57 147 40 127 102 77
is_linear=0
shrinkage=0.05


Tree=11
num_leaves=31
num_cat=0
split_feature=3 2 1 2 6 2 15 8 5 5 3 4 2 4 1 2 4 11 9 5 10 8 11 8 1 8 8 3 16 10
split_gain=86.3763 11.9015 7.33182 11.0063 5.91742 3.74353 5.29682 5.16528 3.3507 2.97499 3.97888 7.23859 3.91838 3.38726 2.80148 3.07163 3.71651 2.07886 2.02855 3.13071 2.42731 1.3299 1.32956 0.630345 0.225462 0.182873 0.182081 0.00359072 3.60487e-05 8.75854e-06
threshold=-1.2433379192204226 3.342621251565419 149.15191738900492 -4.5210046667388601 0.81251380378598992 -10.04354774587827 39.500000000000007 -0.46058256516521856 47.667892797019228 46.061337088636392 0.41515803626403175 6.9991165544271956 -0.15100336465012273 8.9989926906061317 148.30653215550959 -7.6509987209741004 12.275623094178561 55.640342197007179 83.117342966425724 53.622982436556534 55.116524809027823 1.9546894661265355 52.723626414998058 2.1199145585420691 149.10280506233764 0.52730217626141929 -0.1762016887824038 2.8045246762805367 2.5000000000000004 56.266961425134063
decision_type=2 2 2 2 2 2 2 2 2 2 2 2 2 2 2 2 2 2 2 2 2 2 2 2 2 2 2 2 2 2
left_child=2 4 14 5 9 -4 7 8 -7 -2 11 -11 13 -13 15 -1 22 21 19 23 -21 25 -17 26 -20 -6 -3 -26 29 -29
right_child=1 18 3 -5 17 6 -8 -9 -10 10 -12 12 -14 -15 -16 16 -18 -19 24 20 -22 -23 -24 -25 27 -27 -28 28 -30 -31
leaf_value=0.083959193645182159 -0.037410643656992405 -0.050855904108629973 0.074551246693890627 -0.030589455492872189 -0.050255663242664665 -0.037245198731043275 0.062727348776863631 0.056232506276772024 0.020129810169414786 -0.035090215358748393 -0.029581031803273313 0.04438841983815621 0.06695194276021986 -0.017447924163318137 0.092308817201253959 0.067814900759826768 0.0074441593485321108 -0.0092093068137907973 -0.048130984780993362 0.0097802608214506061 -0.042920935321331788 -0.02670912737067644 0.035796500633989495 -0.035409131562598693 -0.063741697869406061 -0.065306244863379478 -0.064878361116730135 -0.061965429512104153 -0.06205830179116191 -0.061867229781208802
leaf_weight=6.2427559047937455 4.603500351309779 3.5085929185152045 6.3371672928333309 6.6717593967914572 3.4696924835443514 4.7791873812675494 8.526598781347273 4.7885399311780921 5.4425108730792999 4.9548364877700868 5.9406206458806983 4.5023854672908836 5.7579245120286862 4.3584659695625305 5.6453486979007712 9.4148131906986254 5.196932151913642 5.1340607702732077 3.3064701855182674 4.5245482921600324 4.2251400798559189 5.1744155436754218 4.9453284293413153 3.4463980048894873 3.3424262255430248 4.8248684257268906 6.8052062094211605 3.1157944351434734 4.6953890174627295 8.3712778687477094
leaf_count=26 23 20 26 32 20 20 35 20 22 23 29 20 25 20 23 38 21 27 20 24 23 29 20 20 20 27 39 20 30 54
internal_value=-0.000232183 -0.0312676 0.0427037 0.0274734 -0.0141101 0.0404406 0.0312564 0.0133793 -0.00669606 -0.000415172 0.00625987 0.0171376 0.0348396 0.0139724 0.0604045 0.0534234 0.0436761 -0.0362818 -0.0497039 -0.0390528 -0.0156686 -0.0466012 0.0567884 -0.053922 -0.060205 -0.0590104 -0.0601081 -0.0622497 -0.0619416 -0.0618939
internal_weight=162.053 94.062 67.9909 36.5458 48.7208 29.874 23.5368 15.0102 10.2217 30.1177 25.5142 19.5736 14.6188 8.86085 31.4452 25.7998 19.5571 18.603 45.3412 22.5099 8.74969 13.469 14.3601 13.7602 22.8314 8.29456 10.3138 19.5249 16.1825 11.4871
internal_count=796 513 283 155 243 123 97 62 42 140 117 88 65 40 128 105 79 103 270 126 47 76 58 79 144 47 59 124 104 74
is_linear=0
shrinkage=0.05


Tree=12
num_leaves=31
num_cat=0
split_feature=3 2 1 2 6 7 2 5 3 0 9 11 1 6 3 5 12 3 11 14 6 8 0 5 8 13 0 1 1 5
split_gain=78.9374 12.1064 6.94859 9.83669 6.67765 4.35173 3.68894 3.06673 4.11885 4.99857 7.3929 3.49818 2.44222 3.97015 2.04379 3.22525 2.98745 1.93951 1.96242 1.92545 2.80699 1.70085 0.838919 1.51386 0.619754 0.210194 0.202253 0.00188269 9.06029e-05 1.0494e-05
threshold=-1.3816908540436399 3.342621251565419 149.66459992099843 -4.6176531308869206 0.6859835333934684 -0.67875915122442831 -10.04354774587827 46.061337088636392 0.41515803626403175 145.02976226803267 44.329455908938918 49.895254156737444 152.76167075149158 0.87075509251124583 2.7384760164105022 53.622982436556534 50.073237681229323 -0.6299770074582226 55.640342197007179 11.500000000000002 -3.3474676740247555 1.9546894661265355 139.85087686089938 47.584766986596144 2.1515713389629214 1.0629224401097537 153.46707173636869 148.95012643985902 151.4950942868486 56.874210537180339
decision_type=2 2 2 2 2 2 2 2 2 2 2 2 2 2 2 2 2 2 2 2 2 2 2 2 2 2 2 2 2 2
left_child=2 4 19 5 7 -4 -7 -2 9 -9 -11 -12 -8 -14 15 24 -17 -6 21 22 -21 -19 -1 -24 26 27 -3 -16 -29 -30
right_child=1 14 3 -5 17 6 12 8 -10 10 11 -13 13 -15 25 16 -18 18 -20 20 -22 -23 23 -25 -26 -27 -28 28 29 -31
leaf_value=0.085855601034606779 -0.036146297929619896 -0.064462076922849984 -0.0016225927989022397 -0.032339231089309604 -0.066661974138052887 0.085935332565066525 0.061671072220080704 0.056334963532675586 -0.028452794474628458 -0.050572602209617762 -0.0058772294791001487 0.054953640371511063 -0.005603887096245202 0.055941564888289032 -0.062588085516091518 -0.042456978433964197 0.017243376715675187 -0.056250675488017876 0.00087386148293574844 0.024838744849289277 0.066871670106185013 -0.017396647575130712 0.042745142248328413 0.080679292199796776 -0.03458330211509604 -0.04861438443360417 -0.049402485271467872 -0.061500053874894794 -0.061167816652689513 -0.061273666804839845
leaf_weight=5.7798321992158916 4.5282397419214275 6.5469045639038104 5.4059358686208752 5.9528727978467932 3.9776939898729351 5.0546015501022366 6.3874882608652142 6.2409248501062455 5.8692247569560996 4.4642754197120658 4.3217699229717237 5.2155221402645111 5.7373808026313764 4.8230821490287781 3.2069175690412584 4.3127575814723951 4.0759253948926926 6.1802035421133024 4.3740305900573722 7.8547864854335776 8.0349662452936155 5.1753290444612503 5.1423589736223203 5.3834018856287003 3.3939605206251136 3.8275271654129019 3.3808342665433884 3.0383215844631186 9.1034438163042051 3.1523547768592826
leaf_count=24 23 38 22 29 22 21 26 26 29 21 20 23 24 20 20 24 21 36 23 32 33 29 21 22 20 25 20 20 61 21
internal_value=-0.000238181 -0.0295123 0.0419096 0.0259183 -0.0127646 0.0385712 0.0484467 0.00183908 0.00842642 0.0191194 0.00253128 0.0273885 0.037266 0.0225046 -0.0486589 -0.0377353 -0.0134495 -0.0354698 -0.0275819 0.0584801 0.0460935 -0.0385428 0.0705507 0.0621466 -0.053028 -0.0592801 -0.0593336 -0.0614866 -0.0612556 -0.061195
internal_weight=159.943 94.3862 65.5567 33.3614 50.3472 27.4085 22.0026 30.64 26.1117 20.2425 14.0016 9.53729 16.948 10.5605 44.0389 21.7104 8.38868 19.7073 15.7296 32.1953 15.8898 11.3555 16.3056 10.5258 13.3217 22.3286 9.92774 18.501 15.2941 12.2558
internal_count=796 522 274 142 252 113 91 142 119 90 64 43 70 44 270 123 45 110 88 132 65 65 67 43 78 147 58 122 102 82
is_linear=0
shrinkage=0.05


Tree=13
num_leaves=31
num_cat=0
split_feature=3 3 1 3 1 8 7 6 1 12 12 6 3 11 10 7 4 9 5 8 7 4 9 12 1 5 13 1 16 11
split_gain=72.157 11.4073 6.36662 7.58796 5.6291 4.92498 4.48286 4.05356 3.12893 3.05811 2.88341 3.5313 2.79517 2.99914 2.41726 2.07088 1.99217 1.92701 2.85164 7.59006 1.6264 1.23334 0.601148 0.438415 0.221627 0.123213 0.00164032 0.000139917 3.07328e-05 2.64697e-06
threshold=-1.3816908540436399 1.0472171316746286 149.66459992099843 -2.5856113726380268 157.26763323857992 -0.46058256516521856 0.87044837602930081 0.6859835333934684 151.91335037415737 51.136196353222736 49.596321327850738 -2.5119261456646451 2.7384760164105022 57.054911198400397 65.796386352937446 -1.9511526837506403 9.215469038950534 7.6353595423962526 47.584766986596144 -1.5514770896773904 -0.79698511899231217 8.1604528415359177 79.368844904227174 50.715031812912592 148.5761310947033 46.356006685188561 0.91469986621409982 151.4950942868486 2.5000000000000004 52.925081061536936
decision_type=2 2 2 2 2 2 2 2 2 2 2 2 2 2 2 2 2 2 2 2 2 2 2 2 2 2 2 2 2 2
left_child=2 4 17 6 7 -5 8 9 -4 10 11 -2 13 15 -9 -3 -8 25 19 -19 -12 -20 23 26 -14 -1 -17 -26 29 -29
right_child=1 12 3 5 -6 -7 16 14 -10 -11 20 -13 24 -15 -16 22 -18 18 21 -21 -22 -23 -24 -25 27 -27 -28 28 -30 -31
leaf_value=0.079867717489120693 0.049508739039965305 -0.017903673368079694 0.046186584556182318 -0.031873197985854571 -0.056771471349397563 0.032035838228851109 0.043050520997785856 -0.049516618656553185 -0.00911747563862483 0.039201183291116354 -0.043044832686908438 -0.0054768998910892479 -0.046268074698220536 0.00021959876990012444 0.0017901578486768091 -0.064158752969094901 0.086840509695469081 -0.0072751330135505986 0.049061568372497089 0.073756013545900473 -0.00041891888762544938 0.083227195078646538 -0.032241412065547898 -0.044931601563901843 -0.06087903426518057 0.068618094208684893 -0.062736735425521481 -0.060493249841877594 -0.060680935990567522 -0.060546374951296347
leaf_weight=5.1276842206716555 4.4634920656681052 6.3220070451498094 5.3713986575603503 7.4443874210119247 5.5548051595687857 5.0659325271844846 4.8699489831924421 6.1723075062036497 4.8820889443159103 5.8067439049482337 4.8384840041399002 8.4437189847230965 3.1449508219957378 5.0741384476423255 3.6551868319511414 4.2627363353967684 5.565462738275528 6.15805332362652 5.131624832749365 5.4452846795320511 4.1633119732141477 5.4433771818876266 3.2505960911512366 5.2359716594219199 4.399715885519984 4.6333381980657578 3.8682153075933456 6.7384033203124982 3.62513244152069 3.5959751307964325
leaf_count=22 20 36 22 35 31 22 20 35 20 25 23 39 20 26 20 25 23 25 21 22 20 22 20 31 30 20 24 47 25 25
internal_value=-0.000243707 -0.028603 0.0400783 0.0247461 -0.00979374 -0.00599385 0.0433341 -0.00284303 0.0198541 0.00694016 -0.00161027 0.0135379 -0.0449736 -0.0345656 -0.0304338 -0.0422599 0.0664048 0.0560153 0.0478676 0.0307517 -0.0233304 0.066648 -0.0515261 -0.0562158 -0.0585323 0.0745278 -0.0634822 -0.0606332 -0.0605557 -0.0605117
internal_weight=157.754 92.6159 65.1386 33.1992 43.0981 12.5103 20.6889 37.5432 10.2535 27.7158 21.909 12.9072 49.5178 28.0137 9.82749 22.9395 10.4354 31.9394 22.1783 11.6033 9.0018 10.575 16.6175 13.3669 21.5042 9.76102 8.13095 18.3592 13.9595 10.3344
internal_count=796 522 274 142 213 57 85 182 42 127 102 59 309 162 55 136 43 132 90 47 43 43 100 80 147 42 49 127 97 72
is_linear=0
shrinkage=0.05


Tree=14
num_leaves=31
num_cat=0
split_feature=3 2 1 2 0 11 12 11 7 2 0 3 0 1 9 9 5 9 5 8 0 4 7 1 14 7 8 3 9 16
split_gain=65.9967 11.1313 5.86845 8.3266 5.48749 4.48093 4.15383 4.21897 3.8213 3.33559 3.04772 4.0409 5.82935 2.222 2.75527 2.04585 2.98483 1.88242 2.62152 6.92209 1.63658 1.1287 0.690872 0.250401 0.226154 0.120265 0.00553637 0.00417183 0.00360582 2.9044e-05
threshold=-1.3816908540436399 3.342621251565419 149.66459992099843 -4.6176531308869206 140.18857133120181 58.193620874904958 51.897266489316856 41.307536027485689 -0.67875915122442831 -10.04354774587827 153.18331666158821 -0.58972934256543386 147.43786178038584 152.76167075149158 24.510639059607666 83.117342966425724 54.045844270116078 7.6353595423962526 47.584766986596144 -1.5514770896773904 156.38269727466727 8.1604528415359177 2.1349632295573362 149.10280506233764 13.500000000000002 -1.0008674601363172 1.1647432336682655 2.8045246762805367 71.712337920434891 2.5000000000000004
decision_type=2 2 2 2 2 2 2 2 2 2 2 2 2 2 2 2 2 2 2 2 2 2 2 2 2 2 2 2 2 2
left_child=2 4 17 8 -2 6 7 -6 -4 -10 11 -9 -13 -11 -15 16 20 25 19 -19 24 -20 26 -17 28 -1 -12 -25 -3 -29
right_child=1 15 3 -5 5 -7 -8 10 9 13 22 12 -14 14 -16 23 -18 18 21 -21 -22 -23 -24 27 -26 -27 -28 29 -30 -31
leaf_value=0.077642651736060178 0.0287444413679903 -0.064079045649476918 -0.0023694351969516057 -0.030528766276112368 0.016760824945645056 0.022412190812823515 0.021206437569186762 -0.056929613661083678 0.080942319248295411 0.057437847311203744 -0.065404630611943709 -0.048920565824543016 0.02913027239631464 -0.0030671677777974193 0.048351431764418258 -0.044689209097617706 -0.0091522078650610478 -0.0069098862650170461 0.046963171904656598 0.07063034498329801 -0.018169523280946752 0.079779425481312449 -0.039163940544579709 -0.061991071290308064 -0.047329043103772721 0.066414618572436551 -0.062865931488701107 -0.059913565298270757 -0.061875892346964147 -0.060069952043906062
leaf_weight=5.0176688879728317 7.1857189685106269 4.4079295396804827 5.4011033028364208 5.8397207260131827 4.0142160952091208 5.7696651667356482 4.2880671471357337 5.6190120726823798 4.8976009041070965 6.349425375461581 4.5717201977968198 4.1341054439544695 5.6776971220970154 5.8097319006919843 4.7235986739397049 3.0047932416200664 7.0029101371765128 6.159347131848337 5.0938315093517286 5.4029894024133682 3.2852011919021598 5.3958500921726227 4.0441458076238623 3.0628931671381023 3.2105108946561813 4.5452816784381884 4.0500362068414688 10.217615038156508 3.2093818038702011 4.1849013268947592
leaf_count=22 32 26 22 29 21 28 22 27 21 26 26 20 27 24 20 20 39 25 21 22 20 22 24 20 20 20 25 74 21 30
internal_value=-0.000246335 -0.0277011 0.0383815 0.0236399 -0.0116437 -0.018526 -0.0250152 -0.0311876 0.0352776 0.0446133 -0.038038 -0.0231186 -0.00375567 0.0340745 0.0199911 -0.0467581 -0.0358389 0.0537787 0.0457443 0.0293241 -0.0490809 0.0638437 -0.0562144 -0.0580216 -0.0584596 0.072306 -0.0642121 -0.0603154 -0.0631508 -0.059959
internal_weight=155.577 90.9405 64.6361 33.0212 49.3544 42.1687 36.399 32.1109 27.1815 21.7804 28.0967 15.4308 9.8118 16.8828 10.5333 41.5861 21.1159 31.615 22.052 11.5623 14.113 10.4897 12.6659 20.4702 10.8278 9.56295 8.62176 17.4654 7.61731 14.4025
internal_count=796 522 274 142 252 220 192 170 113 91 149 74 47 70 44 270 126 132 90 47 87 43 75 144 67 42 51 124 47 104
is_linear=0
shrinkage=0.05


Tree=15
num_leaves=31
num_cat=0
split_feature=9 3 0 9 11 5 2 3 3 14 4 9 3 11 11 15 15 14 14 3 14 16 5 5 0 11 3 1 0 11
split_gain=60.668 13.9931 4.81233 6.63965 6.31668 5.63447 5.35549 4.67435 3.53284 2.84538 3.41849 2.60975 2.64387 2.45174 2.15266 1.94078 1.82269 1.41376 3.23006 1.70917 1.33691 0.796505 1.74254 0.716372 0.295713 0.0350439 0.00637572 0.00105089 7.56902e-05 1.45791e-06
threshold=49.235200620164868 -2.3487404463865285 147.85925539722322 44.329455908938918 54.982800326006462 49.782645093725087 -0.56978111755765315 2.4683161488560619 -1.7607957606861218 10.500000000000002 8.0614143568499461 7.1950658057011525 -3.5058000597764187 46.153030171348597 54.75241656637386 24.500000000000004 14.500000000000002 8.5000000000000018 4.5000000000000009 -3.0036847517805962 4.5000000000000009 2.5000000000000004 54.471105896409007 50.983918928165167 153.9224811117252 50.345359415072771 2.7384760164105022 149.57365493369147 156.0941899133833 52.925081061536936
decision_type=2 2 2 2 2 2 2 2 2 2 2 2 2 2 2 2 2 2 2 2 2 2 2 2 2 2 2 2 2 2
left_child=1 11 5 4 8 6 -3 9 -4 16 -11 15 -13 -12 -15 -1 -2 18 -14 -19 23 26 -23 -18 -10 -17 -9 -28 -29 -30
right_child=7 2 3 -5 -6 -7 -8 21 24 10 13 12 17 14 -16 25 20 19 -20 -21 -22 22 -24 -25 -26 -27 27 28 29 -31
leaf_value=0.042016519879985385 -0.016036478959911688 0.027388762613624829 -0.0090634516441722348 0.03782578647754159 0.028775997135739358 0.060155429769204252 -0.04062546147533274 -0.0620150751657573 -0.069142127848831683 0.016542270717772149 0.0032853037278919189 0.013278107580132812 0.061614318401041826 -0.063040825869949066 -0.012768978231641935 0.080511099730555452 -0.051440063286282249 0.079312791189406012 0.0040476997542165374 0.040142419366458126 -0.065791877739115087 -0.060034090422804234 -0.0099380413835347819 -0.020866657146127374 -0.049935382200903239 0.074321810983026967 -0.060459911492087841 -0.059607311779642624 -0.05929394384536886 -0.059338838577966728
leaf_weight=6.7300446927547446 5.7533496022224453 8.7427239865064621 5.3887956738472012 5.7690275609493247 4.3304743915796271 7.1200582385063163 4.3265929073095331 3.4041133224964204 4.8023633062839526 6.5209996253252056 4.2888612002134314 8.2705924510955793 4.8615247160196358 5.2827500253915769 3.5674674212932587 4.535132169723509 3.6002039462327939 5.3236456662416458 4.8854967653751373 5.8398477584123594 6.6387861222028732 4.4250916838645926 2.8563417345285416 4.0956046730279922 3.439202293753624 4.6136435121297836 2.849133536219596 2.8348194062709799 5.6835076510906202 2.6521895825862885
leaf_count=29 32 37 24 28 20 30 20 22 25 36 24 34 20 33 19 20 21 22 20 24 38 32 19 22 20 21 20 21 43 20
internal_value=-0.000249553 0.0265094 0.00642543 -0.00884088 -0.0238302 0.0243689 0.00487268 -0.0371909 -0.0405436 -0.0265753 -0.0130528 0.046085 0.0372087 -0.027741 -0.0427766 0.0623973 -0.0398098 0.0466738 0.0327602 0.058822 -0.0493516 -0.0542703 -0.0403825 -0.0351693 -0.0611272 0.0773899 -0.0600741 -0.0596028 -0.0593841 -0.0593082
internal_weight=153.432 88.9792 43.9192 23.7299 17.9608 20.1894 13.0693 64.4532 13.6304 39.748 19.6601 45.0599 29.1811 13.1391 8.85022 15.8788 20.0879 20.9105 9.74702 11.1635 14.3346 24.7052 7.28143 7.69581 8.24157 9.14878 17.4238 14.0197 11.1705 8.3357
internal_count=796 394 204 117 89 87 57 402 69 225 112 190 120 76 52 70 113 86 40 46 81 177 51 43 45 41 126 104 84 63
is_linear=0
shrinkage=0.05


Tree=16
num_leaves=31
num_cat=0
split_feature=9 2 7 1 7 9 5 14 9 14 7 2 7 2 16 9 10 10 5 13 10 1 2 1 10 3 9 16 1 11
split_gain=55.7795 13.2973 5.05784 4.51346 4.43282 4.35133 4.28091 4.28503 3.89205 3.87751 3.24656 2.70966 2.52722 2.9143 3.44035 3.08229 2.41956 7.3469 1.85075 4.04622 1.02859 0.594775 0.343248 0.266359 0.246235 0.00336545 0.00318126 0.000118763 4.63892e-06 5.35835e-07
threshold=50.769654082883356 -4.0752262456298771 -0.7715329288626438 152.61681230470506 0.93915820453315868 83.117342966425724 49.782645093725087 10.500000000000002 45.464673974654893 14.500000000000002 2.0981163690236952 -7.5487255304908549 -2.8526213983627877 -7.7609730421959418 2.5000000000000004 13.978898664686781 43.786046967566314 47.770693841598153 51.067463242694679 0.93559648241278892 55.116524809027823 149.21677051177133 5.5942996033173253 149.10280506233764 66.710304110281399 2.8045246762805367 71.712337920434891 2.5000000000000004 153.27781018614709 52.925081061536936
decision_type=2 2 2 2 2 2 2 2 2 2 2 2 2 2 2 2 2 2 2 2 2 2 2 2 2 2 2 2 2 2
left_child=1 3 6 12 -5 10 7 -3 9 -4 16 -6 -1 21 15 -15 22 -18 19 -19 -20 -14 -2 -7 26 -25 -22 28 -27 -30
right_child=5 2 8 4 11 23 -8 -9 -10 -11 -12 -13 13 14 -16 -17 17 18 20 -21 24 -23 -24 25 -26 27 -28 -29 29 -31
leaf_value=0.081766333043294448 -0.06615069392831345 0.035665456623679169 -0.056679613998126988 -0.012527562215340278 0.06140061179987677 -0.042581351501018716 0.049831599689576671 -0.023099717708860726 0.023008824665784973 0.0004537253750377549 0.0054414872673040253 0.011035903710433972 0.074772795868227451 0.016051305737908052 -0.0021244825291498112 0.06471981084603716 0.032546077957892286 0.0024856829047523554 -0.028598934478178357 -0.062788411671450342 -0.064900512707119482 0.051969154004025048 -0.044670348018626939 -0.06078689628363592 -0.046940857295093015 -0.058855941110190206 -0.062707845770523796 -0.059126248494012962 -0.058766293458145151 -0.058795223596711091
leaf_weight=5.5869975835084906 4.9617832899093619 5.2991244196891802 7.2165602892637271 6.5766633152961758 6.1365809738636026 2.822039648890498 7.034432351589202 7.4820640683174133 4.1186883449554434 5.0463374108076096 6.2054420113563529 4.7282171696424458 6.5764623135328311 5.2829867303371456 5.0817045867443076 8.4675329029560071 4.398242890834811 6.4502697885036486 4.1212984770536414 3.7569756656885147 3.4625173360109311 5.0592303872108459 2.9748417586088181 2.8527912646532085 3.1867600977420807 2.5560181736946088 3.167489618062973 3.9108216464519492 4.3152729570865631 2.5442121028900146
leaf_count=24 28 24 38 28 26 20 30 34 20 25 35 21 30 22 21 35 24 36 25 24 20 22 20 20 20 20 20 30 34 20
internal_value=-0.000254145 0.0249161 0.00151181 0.0407522 0.0198711 -0.0368521 0.0185056 0.00126452 -0.0190443 -0.0331685 -0.0279921 0.0394826 0.0508533 0.0451847 0.0330296 0.0460212 -0.0336793 -0.0268893 -0.0377158 -0.0215397 -0.0495621 0.0648577 -0.0580993 -0.0567559 -0.0583629 -0.0592283 -0.063853 -0.0588946 -0.0587984 -0.058777
internal_weight=151.38 89.6936 36.1972 53.4964 17.4415 61.6868 19.8156 12.7812 16.3816 12.2629 42.6856 10.8648 36.0549 30.4679 18.8322 13.7505 36.4802 28.5436 24.1453 10.2072 13.9381 11.6357 7.93663 19.0012 9.81677 16.1791 6.63001 13.3263 9.4155 6.85949
internal_count=796 400 171 229 75 396 88 58 83 63 252 47 154 130 78 57 217 169 145 60 85 52 48 144 60 124 40 104 74 54
is_linear=0
shrinkage=0.05


Tree=17
num_leaves=31
num_cat=0
split_feature=9 2 9 0 9 1 1 11 0 1 14 12 1 7 2 16 6 14 10 7 0 13 1 1 9 6 2 16 13 2
split_gain=51.3031 11.7274 4.53604 4.45028 8.7491 4.18163 4.27138 3.06815 3.03555 5.56835 2.88888 4.11775 2.44937 2.39602 2.80608 3.13044 2.92368 2.29617 2.2207 1.93633 1.81504 1.47236 0.591945 0.27124 0.227262 0.00900571 0.00283103 7.19919e-05 1.91354e-05 1.26384e-06
threshold=49.235200620164868 -4.0752262456298771 83.117342966425724 147.91199104312156 44.329455908938918 152.61681230470506 157.68824466522747 59.625535086107121 153.18331666158821 151.30689162862279 10.500000000000002 49.704560220980227 147.9186490104764 -2.8526213983627877 -7.7609730421959418 2.5000000000000004 -3.4545421761529123 14.500000000000002 45.730792437075635 0.93915820453315868 157.32911508857919 0.93205115727488597 149.21677051177133 149.10280506233764 66.708939895939565 0.92516142997942563 5.7075065339141569 2.5000000000000004 0.99351070133245922 8.8605717052107185
decision_type=2 2 2 2 2 2 2 2 2 2 2 2 2 2 2 2 2 2 2 2 2 2 2 2 2 2 2 2 2 2
left_child=1 5 7 10 17 13 19 8 9 12 -3 -12 18 -1 22 16 -16 -5 -2 -7 25 -22 -15 -4 -14 -10 -25 28 29 -28
right_child=2 3 23 4 -6 6 -8 -9 20 -11 11 -13 24 14 15 -17 -18 -19 -20 -21 21 -23 -24 26 -26 -27 27 -29 -30 -31
leaf_value=0.079332648261568009 -0.039904189929575645 0.040493103745070924 -0.041644074740632482 -0.065919040241028889 0.033326069603056063 -0.019568634954210625 0.060349412371256933 0.010395397937488501 -0.064211174846613664 0.030149662781047356 0.036951331137356082 -0.025548303845557757 -0.064551785667465375 0.073007852901857045 0.014557587093592138 -0.0020179675623151791 0.06211556262003514 -0.01851617474546954 0.01410215674007474 0.02011565014779261 -0.015759880543063962 -0.052235873153757606 0.050040615962397006 -0.060156015942766941 -0.045597577179586068 -0.060935758659013378 -0.058256661729149076 -0.058584137476072322 -0.058434497252475584 -0.058301336884837601
leaf_weight=5.4733373224735251 3.9031868577003497 8.1688361167907733 2.7432937175035503 5.7566935122013074 5.4637568444013587 5.1524528563022631 4.5885153561830512 5.0029519051313391 4.1624402925372141 4.7177597582340232 4.5904285013675672 6.1878913938999176 3.3565341532230377 6.4030670523643511 5.2315393090248135 5.0824166089296332 8.4536927789449674 4.5928621143102646 3.7152222096920013 7.6194262057542801 6.2821494042873365 4.943661704659462 4.9931923747062683 2.743745505809783 2.9903847053647041 4.232449397444725 4.5007281675934774 3.3720647990703574 2.4667995721101761 2.4420280754566193
leaf_count=24 24 35 20 33 26 22 20 26 25 23 20 27 20 30 22 21 35 24 21 33 38 32 22 20 20 29 37 27 20 20
internal_value=-0.000256655 0.0242918 -0.0352434 0.00172269 -0.0178604 0.0390945 0.0189718 -0.0264292 -0.031239 -0.0168145 0.0180668 0.00106995 -0.0326799 0.0488971 0.0433745 0.0314908 0.0439353 -0.0448829 -0.0135673 0.00410615 -0.0449742 -0.0318233 0.0629449 -0.0561377 -0.0556214 -0.0625598 -0.0586987 -0.0583859 -0.0583149 -0.0582724
internal_weight=149.334 87.7581 61.5754 34.7605 15.8133 52.9976 17.3604 43.3067 38.3038 18.6831 18.9472 10.7783 13.9653 35.6372 30.1639 18.7676 13.6852 10.3496 7.61841 12.7719 19.6207 11.2258 11.3963 18.2687 6.34692 8.39489 15.5254 12.7816 9.40956 6.94276
internal_count=796 394 402 165 83 229 75 258 232 108 82 47 85 154 130 78 57 57 45 55 124 70 52 144 40 54 124 104 77 57
is_linear=0
shrinkage=0.05


Tree=18
num_leaves=31
num_cat=0
split_feature=9 2 9 7 9 15 5 1 6 15 2 2 13 11 0 1 1 8 10 0 13 15 1 9 6 2 2 16 13 2
split_gain=47.1628 10.7323 4.47255 4.13737 4.00326 4.00361 3.85797 3.26999 5.97934 3.66742 3.20351 3.17632 3.04963 2.86508 3.31506 6.18743 2.23118 2.12537 1.80649 1.75807 1.49627 1.47782 0.276532 0.222899 0.0338506 0.0069554 0.0023855 6.04574e-05 1.61036e-05 1.06127e-06
threshold=49.235200620164868 -4.0752262456298771 83.117342966425724 -0.7715329288626438 7.1950658057011525 44.500000000000007 49.782645093725087 149.15191738900492 -1.5481524427023314 24.500000000000004 -5.5480182556420337 -0.56978111755765315 1.0031887624329088 60.112090933693722 153.18331666158821 151.30689162862279 147.9186490104764 -1.4783913875864241 45.730792437075635 157.32911508857919 0.93205115727488597 24.500000000000004 149.10280506233764 66.708939895939565 -3.8849609878127178 1.9053348945951571 5.7075065339141569 2.5000000000000004 0.99351070133245922 8.8605717052107185
decision_type=2 2 2 2 2 2 2 2 2 2 2 2 2 2 2 2 2 2 2 2 2 2 2 2 2 2 2 2 2 2
left_child=1 4 13 6 21 7 11 10 -9 -10 -6 -3 17 14 15 16 18 -5 -2 25 -21 -1 -4 -18 -23 -16 -24 28 29 -28
right_child=2 3 22 12 5 -7 -8 8 9 -11 -12 -13 -14 -15 19 -17 23 -19 -20 20 -22 24 26 -25 -26 -27 27 -29 -30 -31
leaf_value=0.041090313603853158 -0.038783075039759064 0.020210859995976563 -0.040721530638779875 -0.005605795310405403 0.016760107573960365 0.058808222519252877 0.047986213725278504 -0.034096112025201748 0.050049462648027246 -0.0036337233537368958 0.072762393080046478 -0.031394232072805554 0.01472258751009628 0.013486566426837314 -0.063663640895265591 0.032676375130492284 -0.063665052342679745 -0.051771328441557907 0.0095152586502103061 -0.015112639792136926 -0.051888688441101088 0.076223455503019469 -0.059568696420850047 -0.044589637169571344 0.069925349471340617 -0.060693088740258638 -0.057789400384443614 -0.058095902870999742 -0.05795598989113955 -0.057831210190079474
leaf_weight=6.2582825124263755 3.8174228668212908 7.9685695916414252 2.6671218946576145 4.1725943088531485 5.5150080323219299 8.6090616136789304 6.6078772097825995 5.8995302170515069 7.2966893017292023 5.6409839391708374 4.7555988878011721 4.7647477686405209 4.886890545487403 4.2315257042646399 3.2510099112987536 5.0110542476177207 3.2361706495285034 6.1939383894205085 3.9282476603984833 6.2251263558864576 4.9770865440368652 4.2730591148138037 2.6350102722644797 2.9072113484144211 4.2608375996351233 5.0031125023961067 4.3149628788232786 3.2338795140385619 2.3653742074966431 2.3413334861397743
leaf_count=28 24 35 20 20 23 37 28 25 31 24 20 23 24 22 20 24 20 35 22 38 33 20 20 20 21 35 37 27 20 20
internal_value=-0.000259722 0.0232543 -0.034313 0.00163151 0.0375001 0.0288542 0.0169872 0.0199949 0.00762038 0.0266429 0.0426908 0.000900476 -0.0178394 -0.0255584 -0.0298659 -0.0149519 -0.0321358 -0.0331894 -0.0142884 -0.0443536 -0.0314521 0.0595452 -0.0555482 -0.0546381 0.0730789 -0.0618631 -0.0582039 -0.0579104 -0.0578439 -0.0578041
internal_weight=147.249 87.1037 60.1457 34.5946 52.5091 37.7169 19.3412 29.1078 18.8372 12.9377 10.2706 12.7333 15.2534 42.588 38.3564 18.9001 13.8891 10.3665 7.74567 19.4563 11.2022 14.7922 17.5577 6.14338 8.5339 8.25412 14.8906 12.2556 9.02167 6.6563
internal_count=796 394 402 165 229 160 86 123 80 55 43 58 79 258 236 110 86 55 46 126 71 69 144 40 41 55 124 104 77 57
is_linear=0
shrinkage=0.05


Tree=19
num_leaves=31
num_cat=0
split_feature=9 3 1 10 3 11 0 1 6 5 18 9 9 3 10 15 15 9 14 7 11 12 10 13 6 4 1 1 5 5
split_gain=43.3857 10.8325 4.29333 5.3741 4.2605 3.22516 3.68143 5.57575 2.43869 3.44331 2.72514 3.62252 2.29199 2.44662 2.22404 1.88941 1.79308 1.65267 1.21814 1.34167 1.05712 0.988008 0.275838 0.270052 0.0282602 0.00323132 0.00250194 0.000115258 2.21458e-05 2.18902e-06
threshold=50.769654082883356 -2.3487404463865285 151.30689162862279 61.787301853032709 2.7384760164105022 60.112090933693722 153.0300899083841 151.30689162862279 -4.6984184488137108 46.753385676583186 1.0000000180025095e-35 36.628726480602879 7.1950658057011525 -3.5058000597764187 45.730792437075635 24.500000000000004 24.500000000000004 80.217014383828911 15.500000000000002 -0.25324574416503137 45.740780932267931 49.842382386435197 52.920851739792568 1.0629224401097537 -3.8849609878127178 9.8868421204096872 148.95012643985902 151.4950942868486 56.874210537180339 53.622982436556534
decision_type=2 2 2 2 2 2 2 2 2 2 2 2 2 2 2 2 2 2 2 2 2 2 2 2 2 2 2 2 2 2
left_child=1 12 8 16 5 6 7 14 -3 -10 -11 -12 15 -14 -2 -1 -4 20 19 -15 -8 -18 -22 26 -17 -24 -6 -28 29 -29
right_child=4 2 3 -5 23 -7 17 -9 9 10 11 -13 13 18 -16 24 21 -19 -20 -21 22 -23 25 -25 -26 -27 27 28 -30 -31
leaf_value=0.035375844584815595 -0.053047345218081778 0.045976591078666862 -0.051959562679589316 0.036425087788940401 -0.059204606615058553 0.017480951961106092 -0.029148812318780727 0.035624897682053562 -0.023179915901040207 0.049597113352538087 0.037929103868225018 -0.02295717290401187 0.0082300695436096621 0.046693763931577231 -0.0096526050444385846 0.074422906224506924 0.0016798992527339678 -0.0091896413603698643 0.063256881243200211 0.017128230406434974 -0.043931066798517604 -0.033203700076612989 -0.062265830955962456 -0.04122187770440626 0.068584499992629236 -0.060429235139960513 -0.057806147270536845 -0.057344519298545983 -0.057543468928107779 -0.057402899968150123
leaf_weight=6.4156267195940009 5.5836219266057032 5.7468387335538891 5.4202040433883694 3.9762681424617758 2.6152840107679394 3.9938578158617011 4.4536701887846055 4.4344296157360068 5.9065496176481274 5.587229281663892 4.6355220228433609 5.1648158952593803 8.1162844896316511 8.9776551723480225 6.2662173584103584 4.1604711562395087 4.2853204905986768 2.8829920887947074 4.625336915254592 6.7015785127878233 2.9038880765438071 3.856548473238945 5.596721485257147 2.968532182276248 4.1302426755428305 4.1863304823637009 2.3290103226900092 4.2435591146349889 2.3895614147186279 2.5829884558916092
leaf_count=29 37 25 29 20 20 20 28 21 27 24 20 24 34 38 37 20 21 20 20 28 20 20 36 25 21 30 20 38 21 23
internal_value=-0.000261392 0.0218599 0.00457658 -0.0146906 -0.0340444 -0.025166 -0.0298572 -0.0122023 0.0170729 0.00927246 0.0217294 0.0058418 0.0397251 0.0314336 -0.0301001 0.055749 -0.0296772 -0.0442151 0.0407086 0.0340569 -0.0501062 -0.0148434 -0.0574632 -0.0549337 0.0715143 -0.0614799 -0.0578082 -0.0574919 -0.0574125 -0.0573666
internal_weight=145.137 87.7065 44.5793 17.5383 57.4307 40.3017 36.3079 16.2843 27.041 21.2941 15.3876 9.80034 43.1272 28.4209 11.8498 14.7063 13.5621 20.0236 20.3046 15.6792 17.1406 8.14187 12.6869 17.1289 8.29071 9.78305 14.1604 11.5451 9.21611 6.82655
internal_count=796 400 210 90 396 249 229 95 120 95 68 44 190 120 74 70 70 134 86 66 114 41 86 147 41 66 122 102 82 61
is_linear=0
shrinkage=0.05


Tree=20
num_leaves=31
num_cat=0
split_feature=9 3 3 11 0 12 5 2 11 0 0 16 2 11 6 0 13 6 9 1 4 11 3 10 13 18 4 1 1 5
split_gain=39.9171 9.62617 4.4053 4.32966 4.48555 5.43699 4.03761 3.97205 2.89036 3.85818 5.12627 3.58936 2.26027 2.23238 2.22151 4.56588 2.65503 2.01189 1.73155 1.38034 1.31683 1.06459 1.0066 0.290451 0.27424 0.126363 0.00376489 0.00210189 9.71247e-05 1.86585e-05
threshold=49.235200620164868 -2.3487404463865285 2.7384760164105022 59.13551559456846 147.85925539722322 50.928949962631982 49.782645093725087 -0.56978111755765315 60.112090933693722 153.18331666158821 151.45171894428168 2.5000000000000004 -3.9746115738738435 51.364109276439429 0.73797883801687203 150.75579452512477 0.89500234943800649 -3.2365506444241556 80.816515012981682 146.32255639081191 8.9255207298636563 45.740780932267931 -0.73981703688735923 52.942382958165702 1.0629224401097537 1.0000000180025095e-35 9.8868421204096872 148.95012643985902 151.4950942868486 56.874210537180339
decision_type=2 2 2 2 2 2 2 2 2 2 2 2 2 2 2 2 2 2 2 2 2 2 2 2 2 2 2 2 2 2
left_child=1 14 8 4 6 12 7 -3 9 10 11 13 -6 25 15 16 20 19 21 -18 -1 -11 -14 -23 27 -2 -25 -4 -29 -30
right_child=2 3 24 -5 5 -7 -8 -9 -10 18 -12 -13 22 -15 -16 -17 17 -19 -20 -21 -22 23 -24 26 -26 -27 -28 28 29 -31
leaf_value=0.074965571805288664 -0.050958673291419489 0.021107488938444344 -0.058676221647677329 0.051430470530482941 -0.00709779845528295 0.01925560672682524 0.048256417845450643 -0.039138588259299424 0.016479980796499049 -0.028191705796755069 0.039368555852323149 0.018564574421378956 -0.065743167005252776 -0.0085985180269620778 0.068931841454466555 -0.0021480775368658942 0.033381839780370563 0.047451094720500062 -0.0065495210670621293 -0.0057413712347311923 0.043427301712211375 -0.042693350152280554 -0.031596316986997594 -0.061829046838827929 -0.040384284732196865 -0.064888103482727569 -0.059823960071140984 -0.057368105497095305 -0.056955916836275149 -0.057121773341728715
leaf_weight=6.620533153414728 3.1928002908825892 7.6689875274896631 2.5095684677362469 4.4407067894935599 4.5480384826660147 6.8115444779396048 6.6437143087387076 4.2531925439834604 4.0238215774297705 4.3766207098960939 3.9136640802025786 3.4218128621578208 4.8538620844483367 3.5099851191043854 5.160752370953559 7.1033151298761359 4.3599354624748248 8.120196729898451 2.742726504802703 4.6687817722558975 6.6184318065643311 2.7996208891272536 3.8861896991729763 5.6030005142092687 2.8808400481939307 3.3223725557327271 4.021426685154438 2.2319101989269248 6.539249047636984 2.2893758937716484
leaf_count=31 20 33 20 20 20 34 28 20 20 28 20 20 28 21 23 30 20 36 19 20 30 20 21 37 25 20 30 20 61 21
internal_value=-0.000262975 0.0213349 -0.0325431 0.00467172 -0.000698483 -0.0170659 0.017021 -0.000385071 -0.0237596 -0.0281471 -0.0109941 -0.0256518 -0.0356845 -0.0407439 0.0381756 0.0339419 0.0423782 0.0293925 -0.0433844 0.0131511 0.0591989 -0.0493978 -0.0505601 -0.056868 -0.0543954 -0.0580619 -0.0609913 -0.0573698 -0.0570734 -0.0569989
internal_weight=143.137 85.7582 57.3788 43.1062 38.6655 20.0996 18.5659 11.9222 40.9279 36.904 17.3606 13.447 13.2881 10.0252 42.6519 37.4912 30.3879 17.1489 19.5434 9.02872 13.239 16.8007 8.74005 12.424 16.4509 6.51517 9.62443 13.5701 11.0605 8.82862
internal_count=796 394 402 204 184 103 81 53 255 235 101 81 69 61 190 167 137 76 134 40 61 115 49 87 147 40 67 122 102 82
is_linear=0
shrinkage=0.05


Tree=21
num_leaves=31
num_cat=0
split_feature=9 3 9 1 10 7 0 10 7 1 8 11 8 8 9 15 3 15 15 9 12 4 0 2 1 5 8 3 16 11
split_gain=36.7633 9.12959 4.14712 3.72198 5.23359 3.29131 2.45206 5.87234 6.18789 2.61062 2.27385 4.31541 2.63421 2.48519 2.25567 2.27704 3.36631 1.85521 1.78554 1.58174 0.960392 0.90625 1.03143 0.367328 0.316276 0.0217283 0.00507925 0.00321803 7.09901e-05 1.33315e-05
threshold=50.769654082883356 -2.3487404463865285 83.117342966425724 151.30689162862279 62.029557822064767 2.0981163690236952 153.0300899083841 43.786046967566314 -0.70031324159152197 148.24736382238851 -2.6060180018550452 55.128417280343427 -1.1130119158293657 0.33680405872598301 7.1950658057011525 44.500000000000007 -3.4556382278425697 24.500000000000004 24.500000000000004 15.486937169986215 49.842382386435197 7.5020185917584454 159.85354425761417 5.5328653839637534 149.10280506233764 45.711967196942361 1.9883575479442193 2.8045246762805367 2.5000000000000004 55.085278487714923
decision_type=2 2 2 2 2 2 2 2 2 2 2 2 2 2 2 2 2 2 2 2 2 2 2 2 2 2 2 2 2 2
left_child=1 14 5 10 18 6 7 23 9 -9 -3 12 -12 -14 17 16 -16 -1 -5 -18 -20 -8 26 -2 -4 -19 -23 -26 29 -29
right_child=2 3 24 4 -6 -7 21 8 -10 -11 11 -13 13 -15 15 -17 19 25 20 -21 -22 22 -24 -25 27 -27 -28 28 -30 -31
leaf_value=0.032710431017083395 -0.064329896291945882 0.047816061917230882 -0.037349249554504263 -0.050822885524782285 0.037292898516087934 0.011199308610641622 -0.02388977293946476 0.007640193248746774 0.051125240535786348 -0.052365777967502108 -0.032580798143097188 0.046174059385408958 0.034529922514681954 -0.012926389677929744 -0.0078290071756232701 0.051742032648331687 0.014100571221560085 0.071642666222837312 0.0026844829938081592 0.049249872773701298 -0.031965587310392188 -0.06173848441490281 -0.026297829535621355 -0.040216213457365632 -0.058707919322820871 0.066376768247689719 -0.059053947553416558 -0.056568248420266545 -0.056895252130213007 -0.056709017341872517
leaf_weight=6.2740114331245405 4.0348147451877621 4.6045780926942852 2.402145341038703 5.4199105948209789 3.8762195259332648 5.7898518890142432 3.9166733101010314 3.4189291745424235 4.3652512729167956 3.8578349500894547 5.3824945837259355 5.8296965956687918 5.354075722396372 5.6911735087633133 7.1684515923261669 7.6541185677051535 5.4528887271881121 4.1660506576299667 4.2354167103767377 7.749286025762558 3.7885516732931137 5.6727370098233205 2.9160660803318015 2.5950676426291466 2.4380371123552314 3.6976027339696884 2.5558335334062576 5.1313377767801267 3.1900326982140541 2.5020081624388695
leaf_count=29 25 20 20 30 19 35 26 20 23 23 24 25 25 26 30 34 23 21 21 33 20 39 21 20 20 20 20 50 30 24
internal_value=-0.000265515 0.0200621 -0.0323021 0.0041796 -0.0138933 -0.0235978 -0.0296419 -0.0173297 0.00406092 -0.0241725 0.0158327 0.00921599 -0.00389929 0.0100776 0.0367053 0.0284912 0.0197548 0.0529881 -0.0286516 0.0347322 -0.0136757 -0.0445787 -0.0518496 -0.0548913 -0.054043 0.0691666 -0.0609047 -0.0570668 -0.0566972 -0.0566144
internal_weight=141.131 86.3445 54.7866 44.1821 17.3201 39.1231 33.3332 18.2719 11.642 7.27676 26.862 22.2574 16.4277 11.0452 42.1624 28.0247 20.3706 14.1377 13.4439 13.2022 8.02397 15.0613 11.1446 6.62988 15.6636 7.86365 8.22857 13.2614 10.8234 7.63335
internal_count=796 400 396 210 90 252 217 111 66 43 120 100 75 51 190 120 86 70 71 56 41 106 80 45 144 41 59 124 104 74
is_linear=0
shrinkage=0.05


Tree=22
num_leaves=30
num_cat=0
split_feature=9 3 3 1 10 7 0 10 12 4 6 5 8 9 3 9 6 10 8 14 13 0 13 0 4 1 1 5 5
split_gain=33.8181 8.40255 4.09461 3.37462 4.74566 2.38866 3.04249 5.3689 5.80766 2.22857 4.46823 6.06609 4.70004 2.17091 1.99248 1.74003 1.49432 3.56319 1.45884 2.11892 1.16488 0.729315 0.291477 0.182643 0.00320479 0.00201177 8.92365e-05 1.35647e-05 1.34496e-06
threshold=50.769654082883356 -2.3487404463865285 2.7384760164105022 151.30689162862279 62.029557822064767 2.0981163690236952 153.0300899083841 43.786046967566314 49.472389627449772 11.767656727105715 -4.5555626089643644 47.76207894418085 -0.020426656471350002 7.1950658057011525 -3.5058000597764187 1.0717255716732701 0.23497936496133323 44.277282008265445 -0.44459027430094117 8.5000000000000018 0.93205115727488597 157.32911508857919 1.0629224401097537 141.9400299218569 9.8868421204096872 148.95012643985902 151.4950942868486 56.874210537180339 53.622982436556534
decision_type=2 2 2 2 2 2 2 2 2 2 2 2 2 2 2 2 2 2 2 2 2 2 2 2 2 2 2 2 2
left_child=1 13 5 9 16 6 7 -2 -9 10 -3 -12 -13 15 -15 -1 17 -5 19 -16 21 -8 25 -17 -22 -4 -27 28 -28
right_child=2 3 22 4 -6 -7 20 8 -10 -11 11 12 -14 14 18 23 -18 -19 -20 -21 24 -23 -24 -25 -26 26 27 -29 -30
leaf_value=0.026064370699845602 -0.053437179672805903 0.064336231999929716 -0.057942913131295251 -0.045666726069029509 0.035009520010985 0.0054106400934585607 -0.048118833683616136 -0.029854295656453159 0.042327288545975422 -0.01483463662856168 -0.03302744552899825 0.058861328349351372 -0.0060134677910008601 0.0062939499650470718 0.0076028487510850064 0.055520749690576791 -0.051390801486818585 0.017862172642230899 0.06059817240185026 0.045132973095443923 -0.061115493400345611 -0.018788461587033779 -0.038481371200902968 0.069748448652297221 -0.058929177547156833 -0.056614276271541676 -0.056188583536291296 -0.056354776564348591 -0.056237427461922757
leaf_weight=4.5224743187427512 5.6131771057844189 4.8473019301891389 2.3526872545480719 4.6889965087175387 3.9213722199201575 6.2985209822654715 3.8911397457122785 5.5294315889477712 5.6180323511362076 5.0565481930971137 5.538480848073962 6.4502808600664201 4.9223432838916699 8.0492780208587629 6.7982787936925915 3.8428409248590452 4.407222904264926 4.1700804382562637 4.5629674941301372 8.4177907258272153 3.1212997138500205 4.6548492163419724 2.6897651925683013 5.4613218456506729 3.6202307119965553 2.0560129061341277 3.7242969796061498 2.0987337529659271 2.2674608156085014
leaf_count=22 38 21 20 26 19 39 28 32 30 23 26 27 23 34 29 20 25 20 20 37 22 31 25 28 29 20 38 21 23
internal_value=-0.000266922 0.0192169 -0.0314412 0.00398033 -0.0133148 -0.0227385 -0.0282707 -0.0135576 0.00652335 0.015066 0.0220148 0.00988403 0.030782 0.0353122 0.0272663 0.0515058 -0.0275989 -0.0157629 0.0358012 0.0283652 -0.0444017 -0.0321431 -0.0534125 0.0638721 -0.0599414 -0.0566256 -0.0563201 -0.0562454 -0.0562071
internal_weight=139.193 85.6576 53.5356 44.0026 17.1877 38.3467 32.0482 16.7606 11.1475 26.815 21.7584 16.9111 11.3726 41.655 27.8283 13.8266 13.2663 8.85908 19.779 15.2161 15.2875 8.54599 15.189 9.30416 6.74153 12.4992 10.1465 8.09049 5.99176
internal_count=796 400 396 210 90 249 210 100 62 120 97 76 50 190 120 70 71 46 86 66 110 59 147 48 51 122 102 82 61
is_linear=0
shrinkage=0.05


end of trees

feature_importances:
slope_ema_21=80
ema_21=78
stoch_k=59
rsi=58
slope_ema_9=50
ema_9=48
macd_signal=43
atr=39
macd_hist=30
macd=28
adx=27
atr_24h=27
stoch_d=25
minute=21
volatility_ratio=20
hour=19
day_of_week=18
is_london=2
is_ny=1

parameters:
[boosting: gbdt]
[objective: binary]
[metric: auc]
[tree_learner: serial]
[device_type: cpu]
[data_sample_strategy: bagging]
[data: ]
[valid: ]
[num_iterations: 1000]
[learning_rate: 0.05]
[num_leaves: 31]
[num_threads: 0]
[seed: 0]
[deterministic: 0]
[force_col_wise: 0]
[force_row_wise: 0]
[histogram_pool_size: -1]
[max_depth: -1]
[min_data_in_leaf: 20]
[min_sum_hessian_in_leaf: 0.001]
[bagging_fraction: 1]
[pos_bagging_fraction: 1]
[neg_bagging_fraction: 1]
[bagging_freq: 0]
[bagging_seed: 3]
[bagging_by_query: 0]
[feature_fraction: 0.9]
[feature_fraction_bynode: 1]
[feature_fraction_seed: 2]
[extra_trees: 0]
[extra_seed: 6]
[early_stopping_round: 0]
[early_stopping_min_delta: 0]
[first_metric_only: 0]
[max_delta_step: 0]
[lambda_l1: 0]
[lambda_l2: 0]
[linear_lambda: 0]
[min_gain_to_split: 0]
[drop_rate: 0.1]
[max_drop: 50]
[skip_drop: 0.5]
[xgboost_dart_mode: 0]
[uniform_drop: 0]
[drop_seed: 4]
[top_rate: 0.2]
[other_rate: 0.1]
[min_data_per_group: 100]
[max_cat_threshold: 32]
[cat_l2: 10]
[cat_smooth: 10]
[max_cat_to_onehot: 4]
[top_k: 20]
[monotone_constraints: ]
[monotone_constraints_method: basic]
[monotone_penalty: 0]
[feature_contri: ]
[forcedsplits_filename: ]
[refit_decay_rate: 0.9]
[cegb_tradeoff: 1]
[cegb_penalty_split: 0]
[cegb_penalty_feature_lazy: ]
[cegb_penalty_feature_coupled: ]
[path_smooth: 0]
[interaction_constraints: ]
[verbosity: 1]
[saved_feature_importance_type: 0]
[use_quantized_grad: 0]
[num_grad_quant_bins: 4]
[quant_train_renew_leaf: 0]
[stochastic_rounding: 1]
[linear_tree: 0]
[max_bin: 255]
[max_bin_by_feature: ]
[min_data_in_bin: 3]
[bin_construct_sample_cnt: 200000]
[data_random_seed: 1]
[is_enable_sparse: 1]
[enable_bundle: 1]
[use_missing: 1]
[zero_as_missing: 0]
[feature_pre_filter: 1]
[pre_partition: 0]
[two_round: 0]
[header: 0]
[label_column: ]
[weight_column: ]
[group_column: ]
[ignore_column: ]
[categorical_feature: ]
[forcedbins_filename: ]
[precise_float_parser: 0]
[parser_config_file: ]
[objective_seed: 5]
[num_class: 1]
[is_unbalance: 0]
[scale_pos_weight: 1]
[sigmoid: 1]
[boost_from_average: 1]
[reg_sqrt: 0]
[alpha: 0.9]
[fair_c: 1]
[poisson_max_delta_step: 0.7]
[tweedie_variance_power: 1.5]
[lambdarank_truncation_level: 30]
[lambdarank_norm: 1]
[label_gain: ]
[lambdarank_position_bias_regularization: 0]
[eval_at: ]
[multi_error_top_k: 1]
[auc_mu_weights: ]
[num_machines: 1]
[local_listen_port: 12400]
[time_out: 120]
[machine_list_filename: ]
[machines: ]
[gpu_platform_id: -1]
[gpu_device_id: -1]
[gpu_use_dp: 0]
[num_gpu: 1]

end of parameters

pandas_categorical:[]
